rank,page,page_index,address,short_address,total_pnl,roi,win_rate,max_drawdown_pct,closed_positions,trades_count,open_positions_count,account_total_value,account_tier,last_active_at,first_seen_at,labels,stats_pass,filter_reason
1,1,1,0x45d26f28196d226497130c4bac709d808fed4029,0x45d2...4029,6612559.43,35.05,47.54,5.62,11221,24831,43,18830039.76,whale,2026-05-19T10:39:06.968640+00:00,2026-03-09T12:29:04.080073+00:00,Mega Whale; Bearish; Small Gain; Breakeven; Scalper; Cons. Hi-Freq,no,"above 3,000 closed positions; below 80% win rate"
2,1,2,0x06cecfbac34101ae41c88ebc2450f8602b3d164b,0x06ce...164b,5627055.24,399.97,97.15,0,701,2080,6,1344962.16,whale,2026-05-19T10:38:18.973673+00:00,2026-02-04T12:37:06.959000+00:00,Mega Whale; Bearish; Small Gain; Breakeven; Short-term; Cons. Hi-Freq,yes,passes current first-pass stats filter
3,1,3,0xb83de012dba672c76a7dbbbf3e459cb59d7d6e36,0xb83d...6e36,4598190.01,58.92,70,20.57,37120,89817,12,7727624.32,whale,2026-05-19T10:38:20.462911+00:00,2026-03-07T05:25:08.029596+00:00,Mega Whale; Bullish; Small Gain; Breakeven; Scalper; Cons. Hi-Freq,no,"above 3,000 closed positions; below 80% win rate; drawdown >= 15%"
4,1,4,0xfd423284f6a9c73a2a3d53cab8921d6533533d97,0xfd42...3d97,2525959.31,215.6,100,0,890,2917,1,1207577.69,whale,2026-05-19T10:38:08.355386+00:00,2026-03-06T11:53:46.850000+00:00,Mega Whale; Bullish; Small Gain; Breakeven; Scalper; Cons. Hi-Freq,yes,passes current first-pass stats filter
5,1,5,0xb798aef79972ce8f73d47b9ebbcda6bbb7ec4fbf,0xb798...4fbf,1950057.95,20.92,77.6,23.54,1451,2889,1,9303338.06,whale,2026-05-19T10:38:36.025762+00:00,2026-02-06T03:25:34.561000+00:00,Mega Whale; Bullish; Mid Gain; Breakeven; Short-term; Cons. Hi-Freq,no,below 80% win rate; drawdown >= 15%
6,1,6,0xa875890465da20062bcf3b024bf7d54e69c725a8,0xa875...25a8,1928957.04,29.82,100,0,729,4888,1,6460586.32,whale,2026-05-19T10:38:12.636021+00:00,2026-03-08T02:55:55.806000+00:00,Mega Whale; Bullish; Small Gain; Breakeven; Scalper; Cons. Hi-Freq,yes,passes current first-pass stats filter
7,1,7,0x9c89f595f5515609ad61f6fda94beff85ae6600e,0x9c89...600e,1713948.61,16.68,100,0,2375,4571,2,10299440.17,whale,2026-05-19T10:38:19.789994+00:00,2026-01-30T17:53:30.987000+00:00,Mega Whale; Bullish; Small Gain; Breakeven; Short-term; Cons. Hi-Freq,yes,passes current first-pass stats filter
8,1,8,0x519c721de735f7c9e6146d167852e60d60496a47,0x519c...6a47,1349382.95,16.89,58.33,22.1,7314,13432,1,7919373.37,whale,2026-05-19T10:38:12.037596+00:00,2026-03-07T01:59:02.333130+00:00,Mega Whale; Bearish; Small Gain; Breakeven; Scalper; Cons. Hi-Freq,no,"above 3,000 closed positions; below 80% win rate; drawdown >= 15%"
9,1,9,0x61ceef212ff4a86933c69fb6aca2fe35d8f2a62b,0x61ce...a62b,1121249.94,57.88,47.88,100,59215,125611,4,1921627.12,whale,2026-05-19T10:38:10.841925+00:00,2026-03-04T20:28:32.126000+00:00,Mega Whale; Bullish; Large Gain; Breakeven; Scalper; Cons. Hi-Freq,no,"above 3,000 closed positions; below 80% win rate; drawdown >= 15%"
10,1,10,0x4a20b9496610941053858bd0b7e92493f44c3c26,0x4a20...3c26,1115249.38,13.8,89.19,100,6087,13073,2,8081655.95,whale,2026-05-19T10:38:17.831708+00:00,2026-02-27T17:11:02.287000+00:00,Mega Whale; Bullish; Large Gain; Sustained Profit; Scalper; Cons. Hi-Freq,no,"above 3,000 closed positions; drawdown >= 15%"
11,1,11,0xa3d843b6a057504284006bef6f34a2e9bc80fb6b,0xa3d8...fb6b,1108324.16,4875.06,92.33,12.38,2502,6058,1,22734.56,shark,2026-05-19T10:29:07.097299+00:00,2025-11-21T12:39:08.294000+00:00,Shark; Bullish; Large Gain; Sustained Profit; Scalper; Asymmetric Pro,yes,passes current first-pass stats filter
12,1,12,0xaea8e3bd369217cc6e3e6abddf0da318fba8e59b,0xaea8...e59b,1016722.68,75.14,79.69,42.5,9119,19144,7,1351224.02,whale,2026-05-19T10:38:12.618391+00:00,2026-03-07T10:28:50.013000+00:00,Mega Whale; Neutral; Large Gain; Breakeven; Scalper; Asymmetric Pro,no,"above 3,000 closed positions; below 80% win rate; drawdown >= 15%"
13,1,13,0x143c28ae5b8642f58c98b8a6f82a0f314d23f6ab,0x143c...f6ab,876569.34,68.73,91.06,0.2,1824,2543,1,1277315.32,whale,2026-05-19T10:38:15.575558+00:00,2026-01-28T00:13:04.109000+00:00,Mega Whale; Bullish; Large Gain; Breakeven; Scalper; Asymmetric Pro,yes,passes current first-pass stats filter
14,1,14,0x69cc3ae720efdff1cd2a8edec79a7a3fac6e14fd,0x69cc...14fd,805715.11,2.52,99.86,0,2105,3036,4,31928505.32,whale,2026-05-19T10:38:05.721971+00:00,2026-02-22T22:31:24.692000+00:00,Mega Whale; Bullish; Small Gain; Breakeven; Scalper; Cons. Hi-Freq,yes,passes current first-pass stats filter
15,1,15,0x7da85a334e43a6b1c2c0da9623409d9ee9047747,0x7da8...7747,646838.49,84.26,64.17,67.22,5878,9435,4,775670.07,whale,2026-05-19T10:38:32.585835+00:00,2026-03-02T02:09:10.522000+00:00,Mega Whale; Bullish; Large Gain; Sustained Profit; Scalper; Asymmetric Pro,no,"above 3,000 closed positions; below 80% win rate; drawdown >= 15%"
16,1,16,0x0daf132c5554fd7d5eb422585426af557d8847e0,0x0daf...47e0,619021.72,50.94,99.75,0.03,1208,9171,3,1204261.82,whale,2026-05-19T10:38:19.241298+00:00,2026-03-05T14:45:40.172000+00:00,Mega Whale; Bearish; Small Gain; Breakeven; Scalper; Cons. Hi-Freq,yes,passes current first-pass stats filter
17,1,17,0x00f8da96829820da934fc4a4cb7d39031ce7454b,0x00f8...454b,568228.6,70.36,71.79,8.97,3917,6888,2,812550.16,whale,2026-05-19T10:38:21.190313+00:00,2026-03-08T01:55:03.750106+00:00,Mega Whale; Bullish; Large Gain; Sustained Profit; Scalper; Asymmetric Pro,no,"above 3,000 closed positions; below 80% win rate"
18,1,18,0x837686cfda8a79adfb8465d39240c54166bf9a1e,0x8376...9a1e,530235.01,36.71,58.36,10.26,550,977,5,1441723.32,whale,2026-05-19T10:38:21.827373+00:00,2025-06-25T17:47:25.800000+00:00,Mega Whale; Bullish; Large Gain; Sustained Profit; Scalper; Asymmetric Pro,no,below 80% win rate
19,1,19,0x5faed49291db46f90e9af7331e41046e65776e5f,0x5fae...6e5f,472476.52,29.36,57.1,81.75,613,3010,9,1600696.48,whale,2026-05-19T10:38:37.084263+00:00,2026-02-06T16:27:46.051000+00:00,Mega Whale; Bullish; Large Gain; Breakeven; Scalper; Cons. Hi-Freq,no,below 80% win rate; drawdown >= 15%
20,1,20,0x6d7823cd5c3d9dcd63e6a8021b475e0c7c94b291,0x6d78...b291,414758.66,7897.83,65.88,7.53,1266,3653,0,5251.55,shark,2026-05-19T10:30:30.162552+00:00,2026-03-06T14:10:01.426000+00:00,Shrimp; Bullish; Large Gain; Breakeven; Scalper; Cons. Hi-Freq,no,below 80% win rate
21,1,21,0x4196dc4a1dc7d3bfd5434adf04c829f4ccaf480d,0x4196...480d,373077.06,4.16,43.36,100,7302,11061,6,8994155.68,whale,2026-05-19T10:38:30.252934+00:00,2026-03-04T18:34:42.312000+00:00,Mega Whale; Bullish; Small Gain; Breakeven; Scalper; Cons. Hi-Freq,no,"above 3,000 closed positions; below 80% win rate; drawdown >= 15%"
22,1,22,0xd47587702a91731dc1089b5db0932cf820151a91,0xd475...1a91,363176.45,2.48,58.01,100,61548,151314,14,14654460.9,whale,2026-05-19T10:38:32.979557+00:00,2026-03-09T13:07:03.534447+00:00,Mega Whale; Neutral; Mid Gain; Breakeven; Scalper; Cons. Hi-Freq,no,"above 3,000 closed positions; below 80% win rate; drawdown >= 15%"
23,1,23,0x7c4b71c1d8a11ed426f301c372a72e06f528e00b,0x7c4b...e00b,342532.17,34253217,76.36,100,5799,10597,1,230219.61,whale_mid,2026-05-19T10:30:20.768593+00:00,2026-03-09T00:04:03.291156+00:00,Shrimp; Bullish; Large Gain; Breakeven; Scalper; Asymmetric Pro,no,"above 3,000 closed positions; below 80% win rate; drawdown >= 15%"
24,1,24,0xf3362789cecf25c6a31288d172880d7ad9b81801,0xf336...1801,334867.69,26.33,97.79,3.15,1040,3552,0,71656.07,shark,2026-05-19T09:42:10.444843+00:00,2026-02-04T21:35:27.151000+00:00,Mega Whale; Neutral; Large Gain; Sustained Profit; Scalper; Cons. Hi-Freq,yes,passes current first-pass stats filter
25,1,25,0xb1505ad1a4c7755e0eb236aa2f4327bfc3474768,0xb150...4768,310350.45,10.64,69.06,49.34,1797,3965,1,2906384.01,whale,2026-05-19T10:38:12.798205+00:00,2026-01-03T00:01:57.519000+00:00,Mega Whale; Bullish; Mid Gain; Breakeven; Scalper; Cons. Hi-Freq,no,below 80% win rate; drawdown >= 15%
26,1,26,0x2d66f73159eaa54cc7fddaea2ba8cf91f9f14cd6,0x2d66...4cd6,303791.36,23.5,77.06,9.57,3597,9621,5,1211704.22,whale,2026-05-19T10:38:38.765341+00:00,2026-03-17T06:12:07.454000+00:00,Mega Whale; Bullish; Large Gain; Sustained Profit; Scalper; Cons. Hi-Freq,no,"above 3,000 closed positions; below 80% win rate"
27,1,27,0xa1582a9d38775a3a5cff79168d68a72c369daddd,0xa158...addd,270734.5,19.76,77.13,81.35,2042,4133,3,871943.12,whale,2026-05-19T10:38:34.391715+00:00,2026-02-15T23:02:47.642000+00:00,Mega Whale; Bullish; Mid Gain; Sustained Profit; Scalper; Cons. Hi-Freq,no,below 80% win rate; drawdown >= 15%
28,1,28,0x11471fa47d1961c4f5f2f0df50259b3556a2aee3,0x1147...aee3,269039.55,390,94.06,0,101,186,2,56621.37,shark,2026-04-12T03:41:39.143353+00:00,2025-07-02T05:36:29.172000+00:00,Shark; Bearish; Small Gain; Volatile Profit; Long-term; Aggr. Low-Freq,no,below 500 closed positions
29,1,29,0x83b1385d8126ecf64bfb3b4254d67eb9db753bcc,0x83b1...3bcc,250517.33,127.5,65.88,6.38,2790,5148,1,146580.73,whale_mid,2026-05-19T10:31:14.163623+00:00,2025-10-10T21:28:18.388000+00:00,Whale; Bullish; Large Gain; Sustained Profit; Scalper; Asymmetric Pro,no,below 80% win rate
30,1,30,0x7e19c25679a5f4cc1351e80d428ebe6df929adb1,0x7e19...adb1,232936.51,573.92,60.08,100,779,1724,3,31049.68,shark,2026-05-19T09:48:37.336358+00:00,2026-01-07T23:45:33.336000+00:00,Shark; Bullish; Large Gain; Breakeven; Scalper; Asymmetric Pro,no,below 80% win rate; drawdown >= 15%
31,1,31,0x378bfe39bcb271136bd70ee32e2531a486f18012,0x378b...8012,221696.19,226.33,52.2,100,2161,3921,2,139326.29,whale_mid,2026-05-19T10:31:20.000980+00:00,2026-02-25T21:44:53.786000+00:00,Shark; Bullish; Large Gain; Sustained Profit; Scalper; Asymmetric Pro,no,below 80% win rate; drawdown >= 15%
32,1,32,0x58d143119b3529ed4b291b5e0dc9a30e89d1f6ad,0x58d1...f6ad,194921.36,172.2,32.21,29.31,565,1923,3,21907.93,shark,2026-05-19T09:53:37.288341+00:00,2026-02-01T03:51:53.187000+00:00,Whale; Bullish; Large Gain; Breakeven; Scalper; Cons. Hi-Freq,no,below 80% win rate; drawdown >= 15%
33,1,33,0xd2147a366e335b89b68ace628923962393b56813,0xd214...6813,188689.47,56.77,66.6,1.61,509,1091,0,276917.29,whale_mid,2026-05-19T10:29:59.456112+00:00,2025-10-30T13:36:40.535000+00:00,Whale; Bullish; Large Gain; Breakeven; Scalper; Cons. Hi-Freq,no,below 80% win rate
34,1,34,0x176d00613b25712048b164d00f89d9c7861faffa,0x176d...affa,185613.64,195.25,59.33,31.53,1854,3131,1,213445.18,whale_mid,2026-05-19T10:30:23.760077+00:00,2026-01-13T14:43:32.006000+00:00,Shark; Bullish; Large Gain; Breakeven; Scalper; Cons. Hi-Freq,no,below 80% win rate; drawdown >= 15%
35,1,35,0x217af5967dc8abd7ae518efb9a03968b628248c0,0x217a...48c0,182627.46,186.52,68.11,100,5651,12203,1,60822.41,shark,2026-05-19T09:44:18.052742+00:00,2026-03-05T10:00:09.025000+00:00,Shark; Bullish; Large Gain; Breakeven; Scalper; Asymmetric Pro,no,"above 3,000 closed positions; below 80% win rate; drawdown >= 15%"
36,1,36,0xed48b856556a69c7c40229c9c4c829b909257c9b,0xed48...7c9b,178434.66,15.27,41.81,12.51,1557,3176,2,1032249.39,whale,2026-05-19T10:38:16.222341+00:00,2025-10-13T06:25:40.960000+00:00,Mega Whale; Bullish; Large Gain; Breakeven; Scalper; Cons. Hi-Freq,no,below 80% win rate
37,1,37,0x85b3c124a704ae638622a1e99310f22eee7279c6,0x85b3...79c6,170618.05,179.49,66.23,16.33,1291,1814,2,24316.99,shark,2026-05-19T09:52:43.647963+00:00,2025-12-13T21:17:09.619000+00:00,Shark; Bullish; Large Gain; Breakeven; Swinger; Aggr. Low-Freq,no,below 80% win rate; drawdown >= 15%
38,1,38,0xbb9f0315243db63fc34c51f96ad5bb7ce6e275e2,0xbb9f...75e2,170474.07,341.15,99.59,0.01,1974,2000,0,49969.77,shark,2026-05-19T09:45:08.918275+00:00,2026-01-27T21:58:37.106000+00:00,Shark; Neutral; Small Gain; Breakeven; Long-term; Aggr. Low-Freq,yes,passes current first-pass stats filter
39,1,39,0xa30ecf14316316f355b33eb6f5fb4f6e8ed8be51,0xa30e...be51,170192.55,22.52,88.77,13.66,276,500,1,781403.58,whale,2026-05-19T10:38:40.028326+00:00,2025-11-21T13:31:18.330000+00:00,Mega Whale; Bullish; Small Gain; Volatile Profit; Swinger; Aggr. Low-Freq,no,below 500 closed positions
40,1,40,0xac82b3772ca54a154092e27109f61a31a6d743a5,0xac82...43a5,165064.42,77.06,75.55,10.32,1366,2564,1,214199.15,whale_mid,2026-04-22T03:19:00.547976+00:00,2026-04-21T18:34:13.848228+00:00,Whale; Bullish; Large Gain; Sustained Profit; Scalper; Asymmetric Pro,no,below 80% win rate
41,1,41,0x289a3a952a5877a498ad654e46d4eed55b4d67c9,0x289a...67c9,151813.39,45.94,52.3,27.66,587,1150,1,241623.77,whale_mid,2026-05-19T10:30:17.682693+00:00,2026-03-11T00:58:03.883104+00:00,Whale; Neutral; Large Gain; Breakeven; Scalper; Cons. Hi-Freq,no,below 80% win rate; drawdown >= 15%
42,1,42,0xbf1e78fcd3b89a8a3375e68a11a2e7412f24f2af,0xbf1e...f2af,146965.68,168.31,49.71,10.77,2213,3658,1,7807.06,shark,2026-05-18T20:21:55.179711+00:00,2026-03-04T09:37:56.972000+00:00,Shark; Bullish; Mid Gain; Breakeven; Scalper; Cons. Hi-Freq,no,below 80% win rate
43,1,43,0x18fea2887a5cb5b88122f8d4926b4571ca23ac9a,0x18fe...ac9a,146130.21,113.79,54.24,33.17,979,1927,0,128425.58,whale_mid,2026-05-01T16:29:08.384036+00:00,2026-01-31T19:22:38.346000+00:00,Whale; Bullish; Large Gain; Breakeven; Scalper; Cons. Hi-Freq,no,below 80% win rate; drawdown >= 15%
44,1,44,0xdd0c5de50d72e5eaa96816e920e41ce89c4b8888,0xdd0c...8888,139717.47,147.98,44.49,56.46,2497,7000,1,95728.92,shark,2026-05-19T10:33:14.373409+00:00,2026-03-15T14:29:12.838000+00:00,Shark; Bullish; Large Gain; Breakeven; Scalper; Cons. Hi-Freq,no,below 80% win rate; drawdown >= 15%
45,1,45,0x064e89061ce80cb1b41a2d2963d48d2e8cabde4a,0x064e...de4a,135953.77,74.76,62.74,100,926,1985,2,355405.23,whale_mid,2026-05-19T10:29:46.016871+00:00,2026-03-03T00:34:01.146000+00:00,Whale; Bullish; Large Gain; Breakeven; Scalper; Asymmetric Pro,no,below 80% win rate; drawdown >= 15%
46,1,46,0x9a0825ca6c4c577a1202a8fae3b8f044c1d5711d,0x9a08...711d,135322.13,6.88,52.06,100,1600,2826,1,1959506.97,whale,2026-05-19T10:38:26.691869+00:00,2026-01-25T18:33:00.646000+00:00,Mega Whale; Bullish; Large Gain; Sustained Profit; Scalper; Cons. Hi-Freq,no,below 80% win rate; drawdown >= 15%
47,1,47,0x6979dde2781dc4ec843641b10b2a2f2e0f4bda62,0x6979...da62,128868.07,18.4,100,0,537,1947,1,389637.2,whale_mid,2026-05-19T10:29:42.761066+00:00,2026-02-18T17:35:51.468000+00:00,Mega Whale; Bearish; Small Gain; Breakeven; Short-term; Cons. Hi-Freq,yes,passes current first-pass stats filter
48,1,48,0x8ea85cbd59affca28162fc286d5c093dd0f8edbc,0x8ea8...edbc,127237.6,1.03,100,0,141,3118,1,12385632.85,whale,2026-05-19T10:38:35.787865+00:00,2026-02-03T19:44:51.400000+00:00,Mega Whale; Bullish; Small Gain; Breakeven; Scalper; Cons. Hi-Freq,no,below 500 closed positions
49,1,49,0xa38747075ee46e51abdeb96e699fe60efe19b933,0xa387...b933,127101.26,0,74.8,2.4,881,2000,0,15525.95,shark,2026-05-15T12:40:33.314843+00:00,2026-02-28T17:53:58.850000+00:00,Shrimp; Bullish; Small Gain; Sustained Profit; Scalper; Cons. Hi-Freq,no,below 80% win rate
50,1,50,0x4c7a572ad38aed2c1d33fbfeba7bd69a83ec0e30,0x4c7a...0e30,121069.07,8.73,46.82,100,2170,4899,1,185698.44,whale_mid,2026-05-19T10:30:35.386552+00:00,2025-11-03T20:23:47.587000+00:00,Mega Whale; Bullish; Mid Gain; Breakeven; Scalper; Cons. Hi-Freq,no,below 80% win rate; drawdown >= 15%
51,1,51,0xa4add8273d7f47318675bdfbcce3e9648cdb4509,0xa4ad...4509,119269.88,122.32,89.48,14.96,732,2058,1,94775.98,shark,2026-05-19T10:33:14.699421+00:00,2026-01-09T19:16:12.633000+00:00,Shark; Bullish; Large Gain; Breakeven; Scalper; Asymmetric Pro,yes,passes current first-pass stats filter
52,1,52,0x781e95fdc049433565cf8e05265361b8402196b7,0x781e...96b7,117480.64,127.8,67.24,100,2381,5204,2,121284.66,whale_mid,2026-05-19T10:31:28.996285+00:00,2026-03-09T17:03:06.728416+00:00,Shark; Bullish; Large Gain; Sustained Profit; Scalper; Asymmetric Pro,no,below 80% win rate; drawdown >= 15%
53,1,53,0xbc8be84a093ad73aab065b43f7c5b0a3239f0f95,0xbc8b...0f95,115924.88,68.6,50.79,49.99,1195,1983,0,3549.44,shark,2026-05-19T10:10:57.733876+00:00,2026-01-22T15:23:00.604000+00:00,Whale; Bullish; Large Gain; Breakeven; Scalper; Cons. Hi-Freq,no,below 80% win rate; drawdown >= 15%
54,1,54,0x85ecf584f25db6f146718b86d493e33c5af72052,0x85ec...2052,111360.59,6.43,45.92,100,6082,11164,0,50025.92,shark,2026-05-19T09:45:08.225443+00:00,2026-03-06T22:40:38.552457+00:00,Mega Whale; Bullish; Small Gain; Sustained Profit; Scalper; Cons. Hi-Freq,no,"above 3,000 closed positions; below 80% win rate; drawdown >= 15%"
55,1,55,0x86149addc2ebeb610d2630b07cbfea5c19fa690e,0x8614...690e,110980.19,134.89,78.96,11.61,2595,5699,3,32547.88,shark,2026-05-19T06:03:40.463515+00:00,2026-04-08T14:56:19.593000+00:00,Shark; Bullish; Large Gain; Sustained Profit; Scalper; Asymmetric Pro,no,below 80% win rate
56,1,56,0x613ead0ea5af374af0ccfc117ef116a8e8d133fe,0x613e...33fe,99833.97,126.7,46.3,9.77,905,1775,1,267185.06,whale_mid,2026-05-19T10:30:12.923195+00:00,2026-03-17T01:44:44.938311+00:00,Shark; Bullish; Large Gain; Breakeven; Scalper; Asymmetric Pro,no,below 80% win rate
57,1,57,0x2396bc99feedc162af809314257571bb7ff07a36,0x2396...7a36,97428.96,63.59,78.07,46.52,1026,2000,3,173462.24,whale_mid,2026-05-19T10:30:41.252539+00:00,2026-03-07T05:13:02.470718+00:00,Whale; Neutral; Large Gain; Breakeven; Scalper; Asymmetric Pro,no,below 80% win rate; drawdown >= 15%
58,1,58,0xe8d89110c52df4ca33e75e060e3c72dcbf6c8dda,0xe8d8...8dda,95031.83,342.25,69.65,8.82,201,557,1,26604.57,shark,2026-05-19T09:50:18.214894+00:00,2024-11-12T18:03:13.927000+00:00,Shark; Bullish; Large Gain; Sustained Profit; Scalper; Asymmetric Pro,no,below 500 closed positions; below 80% win rate
59,1,59,0xb58e1eb8256689e47f589ba6f6a28657d997bf2f,0xb58e...bf2f,94758.02,6.91,70.32,76.38,2315,4445,2,1371486.85,whale,2026-04-12T03:58:30.490933+00:00,2026-03-04T06:23:06.731000+00:00,Mega Whale; Bullish; Large Gain; Breakeven; Short-term; Cons. Hi-Freq,no,below 80% win rate; drawdown >= 15%
60,1,60,0xec4a6f59960fb55a7fa49262e2628687b322cf62,0xec4a...cf62,94481.69,9448169,41.74,85.83,4801,8352,1,0,whale,2026-05-14T07:34:04.699676+00:00,2026-03-09T09:25:03.746661+00:00,Shrimp; Bullish; Large Gain; Breakeven; Scalper; Cons. Hi-Freq,no,"above 3,000 closed positions; below 80% win rate; drawdown >= 15%"
61,1,61,0x2cef0a7f84e722c77b271862da5fe2387028fa20,0x2cef...fa20,91945.42,161.75,74.11,10.26,1989,3833,0,370206.58,whale_mid,2026-05-19T10:29:44.639674+00:00,2026-03-07T01:02:02.032645+00:00,Shark; Bullish; Large Gain; Sustained Profit; Scalper; Asymmetric Pro,no,below 80% win rate
62,1,62,0xf55de394f3b83f028614d5b9459765338b6336d0,0xf55d...36d0,90544.55,98.06,71.78,100,1846,4514,18,70923.67,shark,2026-05-19T09:42:10.033015+00:00,2026-02-04T14:33:53.064000+00:00,Shark; Bullish; Large Gain; Breakeven; Scalper; Asymmetric Pro,no,below 80% win rate; drawdown >= 15%
63,1,63,0xfc722d0de76547188bf2b562c2c3f9fd9035f30e,0xfc72...f30e,89243.61,108.24,68.91,100,3725,8425,4,162210.2,whale_mid,2026-05-19T10:30:46.520773+00:00,2026-03-10T19:39:44.382000+00:00,Shark; Neutral; Large Gain; Sustained Profit; Scalper; Asymmetric Pro,no,"above 3,000 closed positions; below 80% win rate; drawdown >= 15%"
64,1,64,0xb30d02528022ff17c6241644ca0934ba69547467,0xb30d...7467,87688.17,116.43,26.06,55.72,495,1192,0,0.01,shark,2026-05-19T10:16:07.828996+00:00,2025-11-27T09:42:12.230000+00:00,Shark; Bearish; Large Gain; Breakeven; Short-term; Cons. Hi-Freq,no,below 500 closed positions; below 80% win rate; drawdown >= 15%
65,1,65,0x99928208b49f9b5cca8e875834df9d9e5e008d8b,0x9992...8d8b,82686.82,8268682,55.35,16.08,851,2262,1,0,shark,2026-05-08T11:48:04.250433+00:00,2026-04-21T21:42:10.187000+00:00,Shrimp; Bullish; Large Gain; Breakeven; Scalper; Asymmetric Pro,no,below 80% win rate; drawdown >= 15%
66,1,66,0x33e17f809abbe66ff6a8fdaf291dafd9307f1ac3,0x33e1...1ac3,80092.81,80.35,50.45,64.99,2115,4237,0,136227.28,whale_mid,2026-05-19T10:31:19.601231+00:00,2026-02-04T17:00:37.928000+00:00,Shark; Bullish; Mid Gain; Breakeven; Short-term; Cons. Hi-Freq,no,below 80% win rate; drawdown >= 15%
67,1,67,0x039405fa4636364e6023df1e06b085a462b9cdc9,0x0394...cdc9,79798.88,84.64,16.28,0,651,1443,1,140040.76,whale_mid,2026-05-19T10:31:18.782706+00:00,2025-12-28T15:04:04.394000+00:00,Shark; Bearish; Large Gain; Breakeven; Scalper; Cons. Hi-Freq,no,below 80% win rate
68,1,68,0x48b4c67ff2ba52157604efac6cb4024fd8a6f44a,0x48b4...f44a,74971.7,80.1,75.47,5.32,799,2000,0,0,shark,2026-05-19T10:17:44.899561+00:00,2026-03-09T16:47:04.782892+00:00,Whale; Bearish; Large Gain; Sustained Profit; Scalper; Asymmetric Pro,no,below 80% win rate
69,1,69,0x05df8c46c75a06ee097c0a90f9fbe8a11a4eba39,0x05df...ba39,74032.27,84.96,46.41,39.61,683,1493,2,109792.43,whale_mid,2026-05-19T10:31:48.418179+00:00,2025-09-02T18:35:00.273000+00:00,Shark; Bullish; Large Gain; Breakeven; Scalper; Asymmetric Pro,no,below 80% win rate; drawdown >= 15%
70,1,70,0x408d807d1dbb778f59a9c088e56d4c27bdd362ac,0x408d...62ac,72237.34,7223734,55.3,10.29,1235,2951,1,35486.67,shark,2026-05-19T09:52:17.517903+00:00,2026-04-07T16:39:44.601000+00:00,Shrimp; Neutral; Large Gain; Breakeven; Scalper; Cons. Hi-Freq,no,below 80% win rate
71,1,71,0x197d1d1127b1a1da550f089375369d5acfeb0c72,0x197d...0c72,71880.39,108.72,68.44,13.09,732,1271,1,9917.34,shark,2026-05-19T10:05:17.627412+00:00,2025-11-02T16:42:38.300000+00:00,Shark; Bullish; Large Gain; Breakeven; Short-term; Cons. Hi-Freq,no,below 80% win rate
72,1,72,0xa76e0fdc290a2df9ac750ff1e7315a20628b529c,0xa76e...529c,68389.53,70.26,48.25,100,4899,13584,2,17527.98,shark,2026-05-19T09:57:31.619994+00:00,2025-11-09T08:01:30.984000+00:00,Shark; Bullish; Large Gain; Breakeven; Scalper; Asymmetric Pro,no,"above 3,000 closed positions; below 80% win rate; drawdown >= 15%"
73,1,73,0x3c363e96d22c056d748f199fb728fc80d70e461a,0x3c36...461a,67675.79,43.69,88.31,100,4541,8772,0,0.01,shark,2026-05-19T10:17:08.237639+00:00,2026-03-07T11:18:04.657443+00:00,Whale; Neutral; Large Gain; Sustained Profit; Scalper; Asymmetric Pro,no,"above 3,000 closed positions; drawdown >= 15%"
74,1,74,0x031f72deb03c509af42624ddcd1f63fce5ecb220,0x031f...b220,66227.94,73.89,98.95,0.07,665,2149,1,424498.83,whale_mid,2026-05-19T10:29:40.092631+00:00,2026-02-05T20:24:03.272000+00:00,Shark; Bearish; Small Gain; Breakeven; Short-term; Cons. Hi-Freq,yes,passes current first-pass stats filter
75,1,75,0x202ed102cca91d1237971252eee1add2f303eb8b,0x202e...eb8b,65408.34,53.08,79.94,24.12,623,1247,1,127723.73,whale_mid,2026-05-19T10:31:22.913583+00:00,2025-12-15T16:26:40.703000+00:00,Whale; Neutral; Large Gain; Breakeven; Swinger; Aggr. Low-Freq,no,below 80% win rate; drawdown >= 15%
76,1,76,0xf204570119c5a3ff9cd13f441f1de14edda6acbc,0xf204...acbc,64766.74,70.74,58.01,37.89,1217,2215,1,29992.02,shark,2026-05-19T09:49:30.823021+00:00,2026-01-20T06:15:56.793000+00:00,Shark; Bullish; Large Gain; Breakeven; Short-term; Cons. Hi-Freq,no,below 80% win rate; drawdown >= 15%
77,1,77,0x0087188d27ac73b715ad38dff9b99554861a2b55,0x0087...2b55,62245.69,13.78,80.83,7.56,120,1438,1,449265.13,whale_mid,2026-05-19T10:29:37.631548+00:00,2026-03-09T13:40:03.540096+00:00,Whale; Neutral; Large Gain; Sustained Profit; Scalper; Cons. Hi-Freq,no,below 500 closed positions
78,1,78,0x0af2cca56e6234eab2e75936d396fdfb258ca66a,0x0af2...a66a,62108.88,63.7,87.38,16.71,10147,10730,0,97496.77,shark,2026-05-15T10:07:38.121042+00:00,2026-04-20T03:36:46.202000+00:00,Shark; Bullish; Large Gain; Breakeven; Scalper; Asymmetric Pro,no,"above 3,000 closed positions; drawdown >= 15%"
79,1,79,0x8eb3f4d468a9763ee66ceb63a0c64b7044c2aa2d,0x8eb3...aa2d,61963.95,33.85,95.52,0.96,67,286,1,272757.44,whale_mid,2026-05-19T10:30:09.968546+00:00,2026-03-08T23:36:02.287422+00:00,Whale; Bearish; Mid Gain; Volatile Profit; Long-term; Aggr. Low-Freq,no,below 500 closed positions
80,1,80,0x872d3fb74cb230faf1746b4e66971551a010ba6d,0x872d...ba6d,60462.36,32.51,45.45,39.21,66,75,4,192062.03,whale_mid,2026-05-19T10:30:33.121880+00:00,2025-08-31T04:14:09.213000+00:00,Whale; Bullish; Large Gain; Breakeven; Swinger; Aggr. Low-Freq,no,below 500 closed positions; below 80% win rate; drawdown >= 15%
81,1,81,0x27d33e77c8e6335089f56e399bf706ae9ad402b9,0x27d3...02b9,59215.76,3.54,37.7,100,1122,1887,1,1672610.68,whale,2026-05-19T10:38:36.103634+00:00,2025-09-05T14:36:26.980000+00:00,Mega Whale; Bullish; Small Gain; Breakeven; Scalper; Cons. Hi-Freq,no,below 80% win rate; drawdown >= 15%
82,1,82,0x5d8265f9f86d0b354d24ce76146aa7b6054001f8,0x5d82...01f8,57256.95,66.38,61.07,100,3514,6835,15,33910.14,shark,2026-05-19T09:49:38.993473+00:00,2026-02-05T08:02:52.705000+00:00,Shark; Bullish; Large Gain; Breakeven; Scalper; Asymmetric Pro,no,"above 3,000 closed positions; below 80% win rate; drawdown >= 15%"
83,1,83,0xe3c1447b94c5b278d9ec8d24855f5a5a2788542b,0xe3c1...542b,56408.12,67.44,48.33,10.99,836,1618,0,0,shark,2026-04-12T03:20:09.615464+00:00,2026-03-02T20:11:06.022000+00:00,Shark; Bullish; Large Gain; Breakeven; Scalper; Asymmetric Pro,no,below 80% win rate
84,1,84,0xf60ec680e00edaa9f7283d06dd2d6e58238bdcaa,0xf60e...dcaa,55726.66,22.29,88.59,0.16,412,991,0,0.01,shark,2026-05-15T13:03:20.260865+00:00,2025-10-25T22:40:02.571000+00:00,Whale; Bullish; Large Gain; Breakeven; Scalper; Cons. Hi-Freq,no,below 500 closed positions
85,1,85,0x16287a517499a467a349b70764a4ecae56d1d2c9,0x1628...d2c9,54695.25,83.32,0,13.89,67,1703,1,66843.32,shark,2026-05-15T12:24:28.346331+00:00,2025-12-02T16:02:59.332000+00:00,Shark; Bullish; Large Gain; Breakeven; Short-term; Cons. Hi-Freq,no,below 500 closed positions; below 80% win rate
86,1,86,0xd9f961cd55c75713bb279e7dd4a366315a813f58,0xd9f9...3f58,53626.85,91.98,86.8,17.91,1106,3302,1,58304.39,shark,2026-05-07T22:42:36.859801+00:00,2026-05-04T20:48:58.608000+00:00,Shark; Bullish; Large Gain; Breakeven; Scalper; Asymmetric Pro,no,drawdown >= 15%
87,1,87,0x01ca408530861768d9448cdff5b104ce52049dea,0x01ca...9dea,53578.03,14.55,51.81,45.22,1351,2000,0,357148.61,whale_mid,2026-05-19T10:29:45.802767+00:00,2026-03-11T13:21:03.947083+00:00,Whale; Bullish; Small Gain; Breakeven; Short-term; Cons. Hi-Freq,no,below 80% win rate; drawdown >= 15%
88,1,88,0xf17de447fdfa1778db06111e3cbdc878332adab2,0xf17d...dab2,51275.97,16.74,32.5,67.82,3114,7592,2,355406.94,whale_mid,2026-05-19T10:29:46.246404+00:00,2026-03-11T22:02:03.880750+00:00,Whale; Bullish; Large Gain; Breakeven; Scalper; Asymmetric Pro,no,"above 3,000 closed positions; below 80% win rate; drawdown >= 15%"
89,1,89,0x3eeb3368c7676fae6a3496cb0ee2d3a99cb460e4,0x3eeb...60e4,50252.23,45.07,94.32,9.63,475,1137,4,160408.86,whale_mid,2026-05-19T10:31:08.770187+00:00,2026-03-07T20:46:04.123898+00:00,Whale; Bullish; Mid Gain; Volatile Profit; Swinger; Aggr. Low-Freq,no,below 500 closed positions
90,1,90,0xc76962d8561059e32d26552c6da46dab68f6f65a,0xc769...f65a,49813.04,105,64.96,100,722,1920,1,7248.4,shark,2026-05-19T10:08:39.605551+00:00,2026-03-07T01:44:04.301384+00:00,Shark; Neutral; Large Gain; Sustained Profit; Scalper; Asymmetric Pro,no,below 80% win rate; drawdown >= 15%
91,1,91,0xeebd3f1efe690a690668be1c20d1471fe9c3966d,0xeebd...966d,49790.25,24.36,52.24,9.18,1495,1991,0,224031.76,whale_mid,2026-05-19T10:30:22.107130+00:00,2026-03-04T09:52:10.460000+00:00,Whale; Bullish; Small Gain; Breakeven; Scalper; Cons. Hi-Freq,no,below 80% win rate
92,1,92,0xd8d0358919a944d4efa98713795d49b030e43ef9,0xd8d0...3ef9,49398.25,4939825,87.18,100,2255,4653,1,0,shark,2026-05-12T07:49:29.903599+00:00,2026-02-21T18:11:38.394000+00:00,Shrimp; Bullish; Large Gain; Breakeven; Scalper; Asymmetric Pro,no,drawdown >= 15%
93,1,93,0x99dd57b11d5751e0be05c7430849b1684a1fc73a,0x99dd...c73a,44577.34,3.93,49.09,100,1322,4645,1,1135146.68,whale,2026-05-03T12:10:13.263666+00:00,2026-04-07T10:37:28.407000+00:00,Mega Whale; Neutral; Mid Gain; Breakeven; Scalper; Cons. Hi-Freq,no,below 80% win rate; drawdown >= 15%
94,1,94,0x454f743badd6e06da1419e4a8e69f40e5d9cc672,0x454f...c672,44498.23,52.44,91.13,5.84,417,776,1,54996.93,shark,2026-05-19T09:44:25.012641+00:00,2026-03-04T15:29:59.795000+00:00,Shark; Bullish; Large Gain; Sustained Profit; Scalper; Asymmetric Pro,no,below 500 closed positions
95,1,95,0xdbbb9b4e361e1e1b6b4c640914ed4e4a11896df9,0xdbbb...6df9,44250.97,55.8,64.48,100,411,673,5,61059.42,shark,2026-05-19T09:44:20.753631+00:00,2025-07-14T11:14:23.536000+00:00,Shark; Neutral; Large Gain; Volatile Profit; Swinger; Aggr. Low-Freq,no,below 500 closed positions; below 80% win rate; drawdown >= 15%
96,1,96,0x3294a2a613e856631875e263644f27f75d2488fb,0x3294...88fb,42443.81,53.97,66.58,16.45,1161,2432,0,34821.18,shark,2026-05-19T09:48:07.305060+00:00,2025-11-24T21:05:17.540000+00:00,Shark; Bullish; Large Gain; Sustained Profit; Scalper; Asymmetric Pro,no,below 80% win rate; drawdown >= 15%
97,1,97,0x12b7485201d198e54d814e0d409d3be3f2116fe4,0x12b7...6fe4,41124.82,46.37,54.23,100,1182,2161,2,88255.84,shark,2026-05-19T10:38:35.955197+00:00,2026-04-08T21:10:49.341000+00:00,Shark; Neutral; Large Gain; Sustained Profit; Scalper; Asymmetric Pro,no,below 80% win rate; drawdown >= 15%
98,1,98,0xda3768e9299e1fd81708ec030dac5ea37125f7b5,0xda37...f7b5,40984.8,43.26,53.5,18.69,957,2000,0,2192.26,shark,2026-05-19T10:13:05.871617+00:00,2026-03-02T13:41:32.014000+00:00,Shark; Bullish; Large Gain; Breakeven; Scalper; Asymmetric Pro,no,below 80% win rate; drawdown >= 15%
99,1,99,0x25b6bca942fad53c698bad87d95e45659e59f08b,0x25b6...f08b,40552.45,41.85,17.02,37.07,329,473,0,100361.31,whale_mid,2026-05-19T10:32:19.068014+00:00,2026-01-10T05:30:17.976000+00:00,Shark; Neutral; Large Gain; Breakeven; Short-term; Cons. Hi-Freq,no,below 500 closed positions; below 80% win rate; drawdown >= 15%
100,1,100,0x3a131c36e52adce5eba4b77a9c7f5187eb76fee4,0x3a13...fee4,40430.96,27.92,43.55,100,1008,1933,1,2244.21,shark,2026-05-19T10:13:09.480711+00:00,2026-03-07T18:02:03.666401+00:00,Whale; Bullish; Large Gain; Breakeven; Scalper; Cons. Hi-Freq,no,below 80% win rate; drawdown >= 15%
101,2,1,0x1fec14331b8a1d1af202fe71e99c7f1c552a9140,0x1fec...9140,40079.28,50.57,49.4,9.89,504,1646,1,3490.24,shark,2026-05-18T20:24:32.365873+00:00,2025-12-05T18:19:09.803000+00:00,Shark; Bearish; Large Gain; Breakeven; Scalper; Cons. Hi-Freq,no,below 80% win rate
102,2,2,0x929689eafa23fc78a04d1a1f700cc901525007cc,0x9296...07cc,39696.04,49.57,53.44,18.7,799,2000,1,20849.85,shark,2026-04-06T22:14:56.146350+00:00,2026-03-07T08:35:03.782099+00:00,Shark; Bullish; Large Gain; Breakeven; Scalper; Asymmetric Pro,no,below 80% win rate; drawdown >= 15%
103,2,3,0x4a95585c3e09a6aedf679fa5cc7d15b407bf203a,0x4a95...203a,37643.47,46.06,80.28,14.85,213,589,7,64450.01,shark,2026-05-19T09:43:18.378626+00:00,2026-02-25T16:34:06.079000+00:00,Shark; Bullish; Large Gain; Breakeven; Short-term; Asymmetric Pro,no,below 500 closed positions
104,2,4,0xaf6f7a06f7bfb3bdf7bcd2c751564f4990d1efc7,0xaf6f...efc7,37582.08,12.06,59.8,34.41,490,1027,3,293150.82,whale_mid,2026-05-19T10:29:56.573543+00:00,2025-09-25T23:51:31.940000+00:00,Whale; Neutral; Small Gain; Volatile Profit; Swinger; Aggr. Low-Freq,no,below 500 closed positions; below 80% win rate; drawdown >= 15%
105,2,5,0xdd854d23fc5af9a152d7aba78153b840bf099d17,0xdd85...9d17,37299.38,42.73,74.3,11.12,179,636,1,87982.42,shark,2026-05-19T10:38:41.321292+00:00,2025-02-22T21:28:02.633000+00:00,Shark; Bullish; Large Gain; Sustained Profit; Scalper; Asymmetric Pro,no,below 500 closed positions; below 80% win rate
106,2,6,0x5661a070eb13c7c55ac3210b2447d4bea426cbf5,0x5661...cbf5,36016.24,7.28,28,100,250,549,1,434845.85,whale_mid,2026-05-19T10:29:39.068696+00:00,2026-03-08T01:46:05.076132+00:00,Whale; Bullish; Mid Gain; Breakeven; Swinger; Aggr. Low-Freq,no,below 500 closed positions; below 80% win rate; drawdown >= 15%
107,2,7,0x4130d96971a2ccd408f3ff75d5bc9daf147b314c,0x4130...314c,35727.94,43.69,61.03,34.45,757,1416,1,20756.01,shark,2026-05-06T11:50:21.157968+00:00,2025-08-10T06:47:04.196000+00:00,Shark; Bullish; Mid Gain; Breakeven; Short-term; Cons. Hi-Freq,no,below 80% win rate; drawdown >= 15%
108,2,8,0x75ee7dfabcbbb47f8b2abaf1f533b59d3e25354f,0x75ee...354f,35343.93,17.21,96.09,1.17,767,2000,12,295575.89,whale_mid,2026-05-19T10:29:56.033007+00:00,2026-02-19T13:02:29.547000+00:00,Whale; Bullish; Small Gain; Volatile Profit; Swinger; Aggr. Low-Freq,yes,passes current first-pass stats filter
109,2,9,0xd04aeccdf15e49f2654ae4e25db1666d48c85c4e,0xd04a...5c4e,34022.64,34.27,92.83,8.41,502,1128,0,0.01,shark,2026-04-30T11:31:28.720575+00:00,2026-04-14T18:35:30.433000+00:00,Shark; Bullish; Large Gain; Sustained Profit; Scalper; Asymmetric Pro,yes,passes current first-pass stats filter
110,2,10,0xe70f1efff7f7ad16f7413f3dd5772b98361ff378,0xe70f...f378,33352.72,38.74,58.09,12.06,513,1349,0,9007.04,shark,2026-04-12T03:56:31.335691+00:00,2025-12-09T10:45:43.909000+00:00,Shark; Bullish; Large Gain; Sustained Profit; Scalper; Asymmetric Pro,no,below 80% win rate
111,2,11,0xbf7a039c12246979f420b4543dcd40e176a15e43,0xbf7a...5e43,33234.71,116.65,72.76,0.65,257,539,1,2268.46,shark,2026-05-19T10:13:02.618029+00:00,2025-07-26T14:17:33.602000+00:00,Shark; Neutral; Large Gain; Breakeven; Short-term; Asymmetric Pro,no,below 500 closed positions; below 80% win rate
112,2,12,0x7f1053cea04935143250c88c9049449826cd8b9a,0x7f10...8b9a,32781.82,73.75,70.09,100,632,1617,0,30.42,shark,2026-05-19T10:14:35.136916+00:00,2026-03-09T08:24:03.261853+00:00,Shark; Neutral; Large Gain; Sustained Profit; Scalper; Asymmetric Pro,no,below 80% win rate; drawdown >= 15%
113,2,13,0xa5a4ae9f3cc5fe7b67b50a39f22d30336e30cf5b,0xa5a4...cf5b,32718.47,35.96,35.49,76.18,834,1717,1,83522.77,shark,2026-05-19T10:39:08.724881+00:00,2026-03-07T15:04:03.371934+00:00,Shark; Neutral; Large Gain; Breakeven; Short-term; Cons. Hi-Freq,no,below 80% win rate; drawdown >= 15%
114,2,14,0xede948f02ead52b7140647fc383a726685114256,0xede9...4256,32186.73,7.9,88.25,14.21,953,2000,1,237200.77,whale_mid,2026-05-19T10:30:18.692106+00:00,2026-03-08T12:16:06.217811+00:00,Whale; Neutral; Mid Gain; Sustained Profit; Scalper; Cons. Hi-Freq,yes,passes current first-pass stats filter
115,2,15,0x049db0bdc4a8569bacb8f33210af514a82aec838,0x049d...c838,31559.2,42.67,72.82,24.02,1126,2000,1,38169.35,shark,2026-05-19T09:47:43.551877+00:00,2025-12-16T05:17:26.274000+00:00,Shark; Bullish; Large Gain; Sustained Profit; Short-term; Asymmetric Pro,no,below 80% win rate; drawdown >= 15%
116,2,16,0xda1d57bdedab38c16bf44549b03b4dd3ab15b2f0,0xda1d...b2f0,31537.71,37.68,53.24,100,1465,4382,2,339802.01,whale_mid,2026-05-19T10:29:51.009778+00:00,2026-02-23T02:10:46.191000+00:00,Shark; Bearish; Large Gain; Breakeven; Scalper; Cons. Hi-Freq,no,below 80% win rate; drawdown >= 15%
117,2,17,0x66d8de22b53a6ae35bf9b9df66e61fae1e11e633,0x66d8...e633,31338.4,33,34.12,52.88,1222,2295,1,12068.66,shark,2026-05-19T10:03:04.572271+00:00,2026-03-07T00:46:08.481834+00:00,Shark; Bullish; Large Gain; Breakeven; Scalper; Asymmetric Pro,no,below 80% win rate; drawdown >= 15%
118,2,18,0x2ee92c196d63f2313a52c4bb48f427361460636b,0x2ee9...636b,31256.23,308.84,58.5,56.1,412,915,0,13572.59,shark,2026-05-19T10:01:01.094947+00:00,2026-03-08T09:39:04.158494+00:00,Shark; Bullish; Small Gain; Volatile Profit; Long-term; Aggr. Low-Freq,no,below 500 closed positions; below 80% win rate; drawdown >= 15%
119,2,19,0xc38de07f12cdb9122c676ef83aeb2511682cd79f,0xc38d...d79f,30986.28,31.78,60.17,100,708,1316,2,144882.3,whale_mid,2026-05-19T10:31:14.909538+00:00,2026-01-09T19:52:27.248000+00:00,Shark; Neutral; Large Gain; Breakeven; Short-term; Cons. Hi-Freq,no,below 80% win rate; drawdown >= 15%
120,2,20,0x36f5e448c9cf0032551e58919cf4eabefcd742c1,0x36f5...42c1,29710.34,10.92,94.04,100,470,1051,3,251041.33,whale_mid,2026-05-19T10:30:16.097465+00:00,2025-12-27T04:44:16.792000+00:00,Whale; Bearish; Large Gain; Sustained Profit; Scalper; Cons. Hi-Freq,no,below 500 closed positions; drawdown >= 15%
121,2,21,0xe8d4a1c7830534bac13ab61fa94b2daef20c7fb7,0xe8d4...7fb7,29071.69,207.75,31.74,12.83,293,642,1,13473.89,shark,2026-05-07T19:19:48.493304+00:00,2026-04-07T21:58:52.858000+00:00,Shark; Bullish; Large Gain; Breakeven; Scalper; Cons. Hi-Freq,no,below 500 closed positions; below 80% win rate
122,2,22,0x0a62f339879509fa699694f65f4ae94274104760,0x0a62...4760,28325.11,142.05,28.77,41.14,292,1725,0,7282.2,shark,2026-05-11T15:07:10.769663+00:00,2025-12-11T11:13:11.179000+00:00,Shark; Neutral; Large Gain; Breakeven; Scalper; Cons. Hi-Freq,no,below 500 closed positions; below 80% win rate; drawdown >= 15%
123,2,23,0x6ba9e484a4dafac57d4f27355eaa71f224a59ab8,0x6ba9...9ab8,27662.13,52.77,35.47,100,843,2000,1,29997.1,shark,2026-05-19T09:49:42.507943+00:00,2026-03-08T13:33:03.193620+00:00,Shark; Neutral; Large Gain; Breakeven; Short-term; Cons. Hi-Freq,no,below 80% win rate; drawdown >= 15%
124,2,24,0x25fcb75a422f1eeef23c272f8712d6df16c49c38,0x25fc...9c38,27326.76,103.63,78.5,100,665,1993,3,27908.6,shark,2026-05-19T09:50:20.712050+00:00,2026-01-29T11:49:36.649000+00:00,Shark; Neutral; Large Gain; Sustained Profit; Short-term; Asymmetric Pro,no,below 80% win rate; drawdown >= 15%
125,2,25,0xdc7e0217ebef8dd5726dbad6de202ee87b10d4a0,0xdc7e...d4a0,27075.6,64.38,30.16,50.05,1071,2000,0,36632.67,shark,2026-05-19T09:47:47.892534+00:00,2026-03-09T17:09:03.297679+00:00,Shark; Bullish; Large Gain; Breakeven; Short-term; Cons. Hi-Freq,no,below 80% win rate; drawdown >= 15%
126,2,26,0xde5a8068836a16f92813104d7faf602bb0cbdf62,0xde5a...df62,26916.83,32.3,43.58,53.52,218,534,2,116670.65,whale_mid,2026-05-19T10:31:35.912279+00:00,2025-06-06T12:03:28.855000+00:00,Shark; Bullish; Large Gain; Breakeven; Short-term; Cons. Hi-Freq,no,below 500 closed positions; below 80% win rate; drawdown >= 15%
127,2,27,0xf205c4d48b92cc9b60ec984721c297e350eac9fa,0xf205...c9fa,26783.46,11.94,55.18,100,1169,2314,1,12580.33,shark,2026-04-30T06:40:41.960730+00:00,2026-02-04T17:20:13.483000+00:00,Whale; Bullish; Mid Gain; Sustained Profit; Scalper; Cons. Hi-Freq,no,below 80% win rate; drawdown >= 15%
128,2,28,0x5108cd0a328ed28c277f958761fe1cda60c21aa8,0x5108...1aa8,26181.89,22.45,58.73,100,1054,2000,2,143124.25,whale_mid,2026-05-19T10:31:16.147267+00:00,2026-03-07T20:01:03.506220+00:00,Whale; Bullish; Mid Gain; Breakeven; Scalper; Cons. Hi-Freq,no,below 80% win rate; drawdown >= 15%
129,2,29,0x69523edb8337e624ea97a0c097ac5d3dede8e3d5,0x6952...e3d5,26111.2,34.15,79.97,8.88,1553,2000,4,7014.82,shark,2026-04-27T14:45:08.908917+00:00,2026-03-06T21:49:29.860664+00:00,Shark; Bullish; Large Gain; Sustained Profit; Scalper; Asymmetric Pro,no,below 80% win rate
130,2,30,0x2f620ce868217af31b828c6f07203107ef0aed06,0x2f62...ed06,25492.24,72.36,56.72,100,848,1880,2,5327.91,shark,2026-05-19T10:10:15.413401+00:00,2026-03-09T14:23:04.725901+00:00,Shark; Neutral; Large Gain; Breakeven; Short-term; Cons. Hi-Freq,no,below 80% win rate; drawdown >= 15%
131,2,31,0xdb41627c99f72aacbad4d59d39ee5fbce15d672f,0xdb41...672f,25478.2,109.48,44.05,100,395,964,0,44122.65,shark,2026-05-19T09:45:56.412166+00:00,2026-03-07T01:08:13.563963+00:00,Shark; Bullish; Large Gain; Breakeven; Scalper; Cons. Hi-Freq,no,below 500 closed positions; below 80% win rate; drawdown >= 15%
132,2,32,0xb9f9fc444f6e36659e2d4fbea2b1dfd4e50148d5,0xb9f9...48d5,25080.34,90.99,51.68,19.06,298,615,0,27563.14,shark,2026-04-15T22:04:04.333447+00:00,2026-04-13T07:12:53.406000+00:00,Shark; Bullish; Large Gain; Breakeven; Scalper; Asymmetric Pro,no,below 500 closed positions; below 80% win rate; drawdown >= 15%
133,2,33,0xff0eb24a7f8b94201a7c58c5c23e57bde97e899f,0xff0e...899f,24052.66,147.46,11.36,0.64,88,388,1,10422.62,shark,2026-05-19T10:03:04.918476+00:00,2025-01-04T15:05:13.013000+00:00,Shark; Bullish; Mid Gain; Breakeven; Short-term; Cons. Hi-Freq,no,below 500 closed positions; below 80% win rate
134,2,34,0x460637bf4bbce6bbb28d4e0a620c070c697d936a,0x4606...936a,23709.64,38.53,56.75,72.58,756,1174,3,32635.63,shark,2026-05-19T09:48:27.280297+00:00,2026-03-09T20:34:05.850012+00:00,Shark; Bullish; Small Gain; Volatile Profit; Swinger; Aggr. Low-Freq,no,below 80% win rate; drawdown >= 15%
135,2,35,0xee2549522a965522877497578d6f135084f2994a,0xee25...994a,23533.26,3.33,94.16,11.13,1268,2911,1,707429.94,whale,2026-05-08T08:55:12.605809+00:00,2026-05-07T15:18:53.135000+00:00,Mega Whale; Bullish; Mid Gain; Sustained Profit; Scalper; Cons. Hi-Freq,yes,passes current first-pass stats filter
136,2,36,0xc0de1b88583d7d98abcf8f1efcd4ee2d8d031691,0xc0de...1691,23475.52,23.55,84.38,100,621,882,0,99671.49,shark,2026-05-19T10:32:25.054842+00:00,2025-10-06T07:57:53.501000+00:00,Shark; Bullish; Large Gain; Sustained Profit; Short-term; Asymmetric Pro,no,drawdown >= 15%
137,2,37,0x1223776bf953ee798a53a34109de5e680cf58180,0x1223...8180,23152.81,6.8,97.89,2.25,95,163,4,535319.51,whale,2026-05-19T10:29:23.101766+00:00,2025-03-11T05:08:12.039000+00:00,Whale; Bullish; Mid Gain; Volatile Profit; Swinger; Aggr. Low-Freq,no,below 500 closed positions
138,2,38,0x221284041f07f1e9af30beadbd08bb14f5e5838c,0x2212...838c,22881.76,6.77,55.13,100,526,1995,0,324417,whale_mid,2026-05-19T10:29:52.629204+00:00,2026-02-28T22:31:08.725000+00:00,Whale; Bullish; Mid Gain; Breakeven; Short-term; Cons. Hi-Freq,no,below 80% win rate; drawdown >= 15%
139,2,39,0x31ac988f861fd42785d4fbf26178f23332f923a4,0x31ac...23a4,22502.9,24.17,48,100,2994,7262,1,12150.09,shark,2026-05-19T10:01:41.309266+00:00,2026-03-09T13:42:03.478010+00:00,Shark; Neutral; Large Gain; Breakeven; Scalper; Cons. Hi-Freq,no,below 80% win rate; drawdown >= 15%
140,2,40,0x591520a77c8b781c4d4ee189f0fb7f88a257d6f4,0x5915...d6f4,22237.58,87.69,75,8.37,148,262,1,24002.25,shark,2026-05-19T09:52:43.435306+00:00,2026-03-11T06:01:07.035752+00:00,Shark; Bullish; Mid Gain; Breakeven; Swinger; Aggr. Low-Freq,no,below 500 closed positions; below 80% win rate
141,2,41,0xc5ba14d33b352090f699c82d0a1d0e8fe5a0679b,0xc5ba...679b,22046.85,25.81,40.83,100,3213,6061,1,36349.41,shark,2026-05-09T09:54:15.830819+00:00,2026-03-04T02:47:08.477000+00:00,Shark; Bullish; Large Gain; Breakeven; Scalper; Cons. Hi-Freq,no,"above 3,000 closed positions; below 80% win rate; drawdown >= 15%"
142,2,42,0x297e3a29d58e799cf57395df1293cc4834edd828,0x297e...d828,21900.61,25.59,62.61,10.29,10149,18712,8,92114.1,shark,2026-05-19T10:33:16.326852+00:00,2026-04-01T18:27:46.819000+00:00,Shark; Bullish; Large Gain; Sustained Profit; Scalper; Cons. Hi-Freq,no,"above 3,000 closed positions; below 80% win rate"
143,2,43,0x4c56bfd325f350bd1af76bf691981fdd8740390a,0x4c56...390a,21819.88,25.03,54.47,8.55,1713,3405,27,64356.59,shark,2026-05-19T09:57:09.426483+00:00,2026-03-10T07:50:04.589550+00:00,Shark; Neutral; Large Gain; Breakeven; Scalper; Asymmetric Pro,no,below 80% win rate
144,2,44,0xa0d149c9e3fee0a9f920058c4139c73894c2be98,0xa0d1...be98,21088.07,60.2,39.15,82.82,779,1919,1,21735.49,shark,2026-05-19T09:53:20.102666+00:00,2026-03-08T22:15:05.923837+00:00,Shark; Bullish; Mid Gain; Breakeven; Scalper; Cons. Hi-Freq,no,below 80% win rate; drawdown >= 15%
145,2,45,0x1e5cf44f64a66dae56104ed91bf15f6147200ac1,0x1e5c...0ac1,20702.41,25.65,78.57,100,952,2142,0,19268.14,shark,2026-05-19T09:56:46.795366+00:00,2026-02-06T02:07:55.669000+00:00,Shark; Bullish; Large Gain; Sustained Profit; Scalper; Cons. Hi-Freq,no,below 80% win rate; drawdown >= 15%
146,2,46,0x0bfd7d7721f4c116e853c18ea7998e1cc2350a7d,0x0bfd...0a7d,20657.78,1.34,46.61,100,81013,152316,14,1535112.78,whale,2026-05-19T10:38:04.855287+00:00,2026-03-03T09:40:01.312000+00:00,Mega Whale; Bullish; Small Gain; Breakeven; Scalper; Cons. Hi-Freq,no,"above 3,000 closed positions; below 80% win rate; drawdown >= 15%"
147,2,47,0x0ba9b43a58a7097011cf44976ddc3187667b4286,0x0ba9...4286,20003.14,24.11,92.71,7.99,398,637,1,82967.06,shark,2026-05-19T09:41:10.543658+00:00,2025-10-31T13:01:51.388000+00:00,Shark; Bullish; Small Gain; Volatile Profit; Swinger; Aggr. Low-Freq,no,below 500 closed positions
148,2,48,0x10eadac3c42b809de31eee8a23b45540d05e57e8,0x10ea...57e8,19810.45,0.93,57.21,89.07,2620,4660,0,2124808.6,whale,2026-05-19T10:38:21.566796+00:00,2026-03-19T12:41:00.033000+00:00,Mega Whale; Bullish; Mid Gain; Breakeven; Scalper; Cons. Hi-Freq,no,below 80% win rate; drawdown >= 15%
149,2,49,0x413814a7d66b730aa5325421839c7a6b512e0ea9,0x4138...0ea9,19674.15,41.46,59.18,16.09,833,1868,0,0,shark,2026-05-19T10:18:04.350958+00:00,2026-03-12T10:44:03.701638+00:00,Shark; Bullish; Large Gain; Breakeven; Scalper; Asymmetric Pro,no,below 80% win rate; drawdown >= 15%
150,2,50,0xdca131ba8f428bd2f90ae962e4cb2d226312505e,0xdca1...505e,19664.97,2.07,66.58,100,1113,1742,2,971452.63,whale,2026-05-19T10:38:37.465413+00:00,2025-10-11T00:09:25.045000+00:00,Mega Whale; Bearish; Mid Gain; Breakeven; Long-term; Aggr. Low-Freq,no,below 80% win rate; drawdown >= 15%
151,2,51,0xdadac68f07a1d73f388d2f50494397715409ee0c,0xdada...ee0c,19519.48,21.76,89.25,28.78,279,358,5,17632,shark,2026-05-19T09:58:12.869262+00:00,2025-07-28T06:57:09.803000+00:00,Shark; Bullish; Large Gain; Breakeven; Swinger; Aggr. Low-Freq,no,below 500 closed positions; drawdown >= 15%
152,2,52,0x1060b391b4e0c3959e7bf98ec4d9ef21b001cc46,0x1060...cc46,18331.89,64.99,80.77,7.06,26,121,2,31256.49,shark,2026-05-19T09:49:17.826741+00:00,2026-03-10T15:08:04.246634+00:00,Shark; Bullish; Mid Gain; Volatile Profit; Long-term; Aggr. Low-Freq,no,below 500 closed positions
153,2,53,0x53631762f2d62325a9d09c12d42bdd752aa39546,0x5363...9546,18186.07,35.67,48.28,12.54,29,29,0,50976.58,shark,2026-05-19T09:45:00.453264+00:00,2025-01-06T08:05:32.315000+00:00,Shark; Neutral; Large Gain; Breakeven; Long-term; Asymmetric Pro,no,below 500 closed positions; below 80% win rate
154,2,54,0x34d7b1c11bebf407af7f67f08249a174d1316a6a,0x34d7...6a6a,17828.13,20.4,49,100,753,2046,0,189624.89,whale_mid,2026-05-19T10:30:33.904216+00:00,2025-02-14T04:17:04.418000+00:00,Shark; Neutral; Large Gain; Breakeven; Scalper; Cons. Hi-Freq,no,below 80% win rate; drawdown >= 15%
155,2,55,0x9eef7e5f518077884721efc753f30c01db76d44a,0x9eef...d44a,17796.36,20.2,57.07,100,962,2048,1,8845.35,shark,2026-05-10T20:23:48.572809+00:00,2026-02-05T23:19:18.901000+00:00,Shark; Bullish; Large Gain; Sustained Profit; Short-term; Asymmetric Pro,no,below 80% win rate; drawdown >= 15%
156,2,56,0x20ada1f6bfcc4bb1748e6de5a621dd1a093a0bc7,0x20ad...0bc7,17576.13,21.29,50.75,57.6,400,957,1,49377.16,shark,2026-05-19T09:45:22.905818+00:00,2025-11-12T14:47:13.846000+00:00,Shark; Neutral; Large Gain; Breakeven; Scalper; Cons. Hi-Freq,no,below 500 closed positions; below 80% win rate; drawdown >= 15%
157,2,57,0x867b93ecb8ebfc900a0412661476d469361e0004,0x867b...0004,17487.48,43.44,43.82,20.58,340,690,0,40254.9,shark,2026-03-24T18:07:11.203912+00:00,2025-09-25T21:18:33.109000+00:00,Shark; Bullish; Large Gain; Breakeven; Scalper; Asymmetric Pro,no,below 500 closed positions; below 80% win rate; drawdown >= 15%
158,2,58,0xf61ae36433263c61138d334197769e155307f987,0xf61a...f987,17139.84,96.8,31.58,32.11,190,207,1,17706.7,shark,2026-03-17T15:24:30.015701+00:00,2024-11-08T23:30:22.030000+00:00,Shark; Bullish; Large Gain; Volatile Profit; Swinger; Aggr. Low-Freq,no,below 500 closed positions; below 80% win rate; drawdown >= 15%
159,2,59,0x70811c24fe0fe1fa9d5a41f70928aa555a1e30b9,0x7081...30b9,16898.98,21.68,52.11,100,355,870,1,66458.15,shark,2026-05-19T09:43:33.031172+00:00,2025-11-27T18:52:27.430000+00:00,Shark; Bullish; Small Gain; Breakeven; Swinger; Aggr. Low-Freq,no,below 500 closed positions; below 80% win rate; drawdown >= 15%
160,2,60,0xa8123bfb8301ebcd78c41d90e1ce9d3107ff1823,0xa812...1823,16797.11,11.67,65.08,11.83,1071,2000,1,158764.93,whale_mid,2026-05-19T10:30:47.591903+00:00,2026-03-07T01:37:53.618756+00:00,Whale; Bullish; Large Gain; Sustained Profit; Scalper; Cons. Hi-Freq,no,below 80% win rate
161,2,61,0x73cbf914e15e597f8c41e1195a5e0d2d3d2773e4,0x73cb...73e4,16319.29,53.31,85.57,3.95,97,124,1,47000.41,shark,2026-05-19T09:45:29.015064+00:00,2024-12-14T16:54:22.013000+00:00,Shark; Bearish; Mid Gain; Breakeven; Swinger; Aggr. Low-Freq,no,below 500 closed positions
162,2,62,0x5a19bfe9c095c3bd188eca00a690b95200797aba,0x5a19...7aba,16123.49,159.4,38.88,100,823,2000,3,8768.83,shark,2026-05-19T10:07:20.086017+00:00,2026-03-09T16:23:08.807650+00:00,Shrimp; Neutral; Large Gain; Breakeven; Scalper; Cons. Hi-Freq,no,below 80% win rate; drawdown >= 15%
163,2,63,0x6957d2139d29e7db7913ac21e813f2a561e47ac8,0x6957...7ac8,15824.96,26.22,86.5,1.71,274,521,8,64180.47,shark,2026-05-19T09:43:40.891512+00:00,2026-03-22T13:08:37.267522+00:00,Shark; Bullish; Mid Gain; Volatile Profit; Swinger; Aggr. Low-Freq,no,below 500 closed positions
164,2,64,0x9859d1542cbe5e17f3fd30501e900a7054e293e1,0x9859...93e1,15732.01,45.11,48.83,100,299,553,3,40109.25,shark,2026-05-19T09:47:26.725769+00:00,2026-03-21T16:53:09.433062+00:00,Shark; Bullish; Small Gain; Volatile Profit; Swinger; Aggr. Low-Freq,no,below 500 closed positions; below 80% win rate; drawdown >= 15%
165,2,65,0xffc00e881a12b1c389b27ef52c8e8cd123a694cc,0xffc0...94cc,15479.37,96.73,68.48,11.4,92,146,1,13623.79,shark,2026-05-12T09:17:14.018968+00:00,2024-12-05T12:44:26.208000+00:00,Shark; Bullish; Mid Gain; Volatile Profit; Swinger; Aggr. Low-Freq,no,below 500 closed positions; below 80% win rate
166,2,66,0xe1dcda68115e0c29abf7e5f1e20491fd2342f423,0xe1dc...f423,15385.52,49.84,98.96,2.46,96,158,1,21013.04,shark,2026-05-19T09:54:02.960178+00:00,2026-03-09T15:04:05.943872+00:00,Shark; Bearish; Small Gain; Volatile Profit; Long-term; Aggr. Low-Freq,no,below 500 closed positions
167,2,67,0x7887322aa2d904ef5c97d1340b17451afd82ec96,0x7887...ec96,14936.79,142.94,76.1,16.31,272,665,0,10449.9,shark,2026-04-13T01:09:19.220077+00:00,2026-04-13T01:08:57.226000+00:00,Shark; Bullish; Large Gain; Breakeven; Scalper; Asymmetric Pro,no,below 500 closed positions; below 80% win rate; drawdown >= 15%
168,2,68,0xc4ab52818c2bfd00aa2808c4ce53d7107a76dfc6,0xc4ab...dfc6,13855.43,104.73,66.57,100,359,588,2,6000.38,shark,2026-05-19T10:10:01.545560+00:00,2026-03-07T19:58:06.130673+00:00,Shark; Bullish; Large Gain; Sustained Profit; Short-term; Asymmetric Pro,no,below 500 closed positions; below 80% win rate; drawdown >= 15%
169,2,69,0x69c6bbe83c42d426c3fed19ce4659f8911043105,0x69c6...3105,13846.13,15.83,41.06,19.98,341,619,33,36278.49,shark,2026-05-19T09:47:45.208558+00:00,2025-11-25T21:04:00.718000+00:00,Shark; Bullish; Large Gain; Sustained Profit; Short-term; Asymmetric Pro,no,below 500 closed positions; below 80% win rate; drawdown >= 15%
170,2,70,0x1daa3eec517f6e8398e29afca9afaabea275b2a6,0x1daa...b2a6,13816.46,23.81,21.08,0,911,1740,0,5522.92,shark,2026-05-18T20:24:02.749717+00:00,2026-03-10T03:35:06.755327+00:00,Shark; Bullish; Large Gain; Breakeven; Scalper; Cons. Hi-Freq,no,below 80% win rate
171,2,71,0xdcc133518fe21500b205eb90a788c5fe01bf6f95,0xdcc1...6f95,13722.9,114.79,41.66,100,929,2000,1,12519.24,shark,2026-05-19T10:02:07.236138+00:00,2026-03-09T09:43:03.729716+00:00,Shrimp; Bullish; Large Gain; Breakeven; Scalper; Cons. Hi-Freq,no,below 80% win rate; drawdown >= 15%
172,2,72,0x22bf3682366a00b50760b46fdd4c0c0d419ab8bf,0x22bf...b8bf,13617.94,29.52,53.07,34.73,814,1669,6,47313.32,shark,2026-05-19T09:45:20.037783+00:00,2026-03-10T08:12:04.407775+00:00,Shark; Neutral; Mid Gain; Breakeven; Scalper; Cons. Hi-Freq,no,below 80% win rate; drawdown >= 15%
173,2,73,0x05e2adc55f08b8713fd2325b4b56d234246c5dd7,0x05e2...5dd7,13259.32,80.58,54.19,100,908,2000,0,9029.67,shark,2026-05-19T10:06:13.949808+00:00,2026-03-08T22:11:03.622398+00:00,Shark; Bullish; Large Gain; Breakeven; Scalper; Cons. Hi-Freq,no,below 80% win rate; drawdown >= 15%
174,2,74,0x8ebb29ada81119e7eea4b7feebb4756f018aeabc,0x8ebb...eabc,12934.26,37.87,26.8,100,291,680,1,1288.38,shark,2026-04-09T17:37:12.183323+00:00,2025-06-14T04:51:26.920000+00:00,Shark; Bullish; Large Gain; Breakeven; Scalper; Cons. Hi-Freq,no,below 500 closed positions; below 80% win rate; drawdown >= 15%
175,2,75,0x954b6de2e9c58b0ca7b21e9a048fd0a6cea6f92c,0x954b...f92c,12642.71,62.55,84.12,75.08,831,2000,4,9071.63,shark,2026-05-19T10:05:55.703580+00:00,2026-03-09T18:58:04.315824+00:00,Shark; Neutral; Large Gain; Sustained Profit; Scalper; Asymmetric Pro,no,drawdown >= 15%
176,2,76,0x99b1098d9d50aa076f78bd26ab22e6abd3710729,0x99b1...0729,12218.23,0.94,93.55,0.04,93,1956,10,1356474.26,whale,2026-05-19T10:38:16.795933+00:00,2026-03-17T07:18:00.808716+00:00,Mega Whale; Bearish; Small Gain; Breakeven; Scalper; Cons. Hi-Freq,no,below 500 closed positions
177,2,77,0xae5aa11fbc1d10bee0d0e7adcc7c0249e7de020f,0xae5a...020f,12057.96,98.39,41.52,74.54,224,486,1,7809.75,shark,2026-05-19T10:08:07.035899+00:00,2025-08-13T22:47:17.363000+00:00,Shark; Bullish; Large Gain; Breakeven; Short-term; Cons. Hi-Freq,no,below 500 closed positions; below 80% win rate; drawdown >= 15%
178,2,78,0x309479484a6ae33666bda2f6a4ad2156326048d9,0x3094...48d9,11979.41,63.69,84.93,100,73,207,1,6004.56,shark,2026-05-19T10:09:44.660877+00:00,2025-05-28T16:05:31.768000+00:00,Shark; Bullish; Large Gain; Breakeven; Short-term; Asymmetric Pro,no,below 500 closed positions; drawdown >= 15%
179,2,79,0x99b7fc19f44447d87aaf52bfe3ac566568dd7833,0x99b7...7833,11921.07,73.77,78.48,12.13,158,489,0,208.26,shark,2026-05-19T10:14:23.987229+00:00,2026-03-07T16:05:02.766185+00:00,Shark; Bullish; Large Gain; Sustained Profit; Short-term; Asymmetric Pro,no,below 500 closed positions; below 80% win rate
180,2,80,0x4631afc621ff66b35e9301fc1dcbcf7880a60be2,0x4631...0be2,11864.16,23.78,70.92,5.41,196,477,5,7569.13,shark,2026-05-19T10:07:18.758375+00:00,2026-03-11T04:53:05.821735+00:00,Shark; Bearish; Small Gain; Breakeven; Long-term; Aggr. Low-Freq,no,below 500 closed positions; below 80% win rate
181,2,81,0x35f13dc71426d4a429cf8bad69c4b39abbbf9896,0x35f1...9896,11848.44,2.64,18.96,3.16,786,1814,2,305503.92,whale_mid,2026-05-19T10:29:54.639102+00:00,2026-04-23T17:10:16.956000+00:00,Whale; Bullish; Mid Gain; Breakeven; Scalper; Cons. Hi-Freq,no,below 80% win rate
182,2,82,0x5dca68cb6acd425549a7eceebb0baf33e7c9a055,0x5dca...a055,11810.42,7.08,89.38,18.26,292,783,1,161437.88,whale_mid,2026-05-19T10:30:46.458119+00:00,2026-03-07T14:41:02.192986+00:00,Whale; Bullish; Mid Gain; Sustained Profit; Short-term; Cons. Hi-Freq,no,below 500 closed positions; drawdown >= 15%
183,2,83,0xac1cf9e3de1895f74d110f1be546ae1447e7fe92,0xac1c...fe92,11734.39,10.63,54.1,11.2,1000,2000,0,0.08,shark,2026-05-19T10:14:56.325271+00:00,2026-03-11T07:42:06.608591+00:00,Whale; Bearish; Small Gain; Breakeven; Short-term; Cons. Hi-Freq,no,below 80% win rate
184,2,84,0x197d0b8d520667f6a14ce98215c2f945e6cd3ccc,0x197d...3ccc,11712.31,14.31,48.5,3.73,1103,2910,0,0,shark,2026-05-18T13:15:28.165258+00:00,2026-02-07T07:29:26.627000+00:00,Shark; Bearish; Small Gain; Breakeven; Scalper; Cons. Hi-Freq,no,below 80% win rate
185,2,85,0x770493a14c49ea81192b5191a536f0530041311b,0x7704...311b,11548.77,4.48,98.14,11.09,269,2000,6,509365.37,whale,2026-05-19T10:29:27.974140+00:00,2026-03-11T18:57:03.762264+00:00,Whale; Bearish; Mid Gain; Sustained Profit; Scalper; Cons. Hi-Freq,no,below 500 closed positions
186,2,86,0xe5f5b722870aaea382283082be716e2748e78b44,0xe5f5...8b44,11476.15,82.92,73.57,100,227,616,1,2140.66,shark,2026-05-19T10:13:08.747876+00:00,2026-03-07T18:05:08.246546+00:00,Shark; Bullish; Large Gain; Breakeven; Scalper; Asymmetric Pro,no,below 500 closed positions; below 80% win rate; drawdown >= 15%
187,2,87,0x440888714a6afed60ff44e9975a96e6a36f7fac4,0x4408...fac4,11432.94,2.75,83.54,13.03,1039,2000,6,252168.25,whale_mid,2026-05-19T10:30:15.728545+00:00,2026-03-06T22:33:28.961930+00:00,Whale; Bullish; Mid Gain; Sustained Profit; Scalper; Cons. Hi-Freq,yes,passes current first-pass stats filter
188,2,88,0x69e0d05f2e469da10e4192eaf228dfb34d2c5d4a,0x69e0...5d4a,11423.94,57.64,50.75,100,266,611,0,962.12,shark,2026-04-12T03:59:13.037715+00:00,2026-03-07T20:04:05.528315+00:00,Shrimp; Bullish; Large Gain; Breakeven; Scalper; Asymmetric Pro,no,below 500 closed positions; below 80% win rate; drawdown >= 15%
189,2,89,0xe20941de3d593354473cc24adc1317d1eab7c707,0xe209...c707,11381.63,38.4,91.43,12.27,105,282,1,57445.37,shark,2026-05-19T09:44:38.478196+00:00,2026-04-12T20:55:09.709000+00:00,Shark; Bullish; Large Gain; Sustained Profit; Short-term; Asymmetric Pro,no,below 500 closed positions
190,2,90,0x9c7035f6c578f0d0372155d23da1c9345e8c89d9,0x9c70...89d9,11341.76,19.16,47.42,100,871,1911,1,69426.34,shark,2026-05-19T09:42:48.602093+00:00,2026-02-04T17:27:38.464000+00:00,Shark; Bullish; Large Gain; Sustained Profit; Scalper; Asymmetric Pro,no,below 80% win rate; drawdown >= 15%
191,2,91,0x3adb3a63ebf9c65d08d2cdba71a4da3fde798a81,0x3adb...8a81,11256.68,28.4,74.02,1.68,358,749,1,295.23,shark,2026-05-02T03:43:12.855211+00:00,2026-03-08T19:38:04.722548+00:00,Shark; Bullish; Large Gain; Sustained Profit; Scalper; Asymmetric Pro,no,below 500 closed positions; below 80% win rate
192,2,92,0xc8dad62a1ce6eaebb94ab1d6de1eb60ff65b7a9f,0xc8da...7a9f,11239.94,52.05,62.08,100,414,706,0,20652.34,shark,2026-05-19T09:54:23.447800+00:00,2026-03-07T01:05:06.616682+00:00,Shark; Bullish; Large Gain; Sustained Profit; Short-term; Asymmetric Pro,no,below 500 closed positions; below 80% win rate; drawdown >= 15%
193,2,93,0xa6062bdd6deb26d6a9b6ec760d8ca9746c87caf9,0xa606...caf9,11219.32,11.7,40.79,100,2221,4095,1,55514.13,shark,2026-05-19T09:44:36.552601+00:00,2026-03-07T03:14:02.576899+00:00,Shark; Bullish; Mid Gain; Breakeven; Scalper; Cons. Hi-Freq,no,below 80% win rate; drawdown >= 15%
194,2,94,0x2d2ecb29fdfaef644e55f2192cadcbcd8e983947,0x2d2e...3947,11211.56,33.73,92.96,7.13,71,300,2,32869.14,shark,2026-05-19T09:48:20.354299+00:00,2026-03-07T19:55:02.521734+00:00,Shark; Bullish; Large Gain; Breakeven; Short-term; Asymmetric Pro,no,below 500 closed positions
195,2,95,0xb6fd204792ca2889c9298e96060b907b0b9e29b2,0xb6fd...29b2,11152.7,24.47,48.02,38.21,227,424,3,33144.55,shark,2026-05-19T09:48:20.672825+00:00,2026-03-07T08:02:04.347375+00:00,Shark; Bullish; Large Gain; Breakeven; Swinger; Aggr. Low-Freq,no,below 500 closed positions; below 80% win rate; drawdown >= 15%
196,2,96,0x3e252899d87a354e8bfa4bd8b62325549b5714da,0x3e25...14da,10817.22,3.25,33.17,71.06,630,1995,0,302361.02,whale_mid,2026-05-19T10:29:55.492392+00:00,2026-03-04T09:26:29.094000+00:00,Whale; Bullish; Mid Gain; Breakeven; Scalper; Cons. Hi-Freq,no,below 80% win rate; drawdown >= 15%
197,2,97,0x6dc0d5e5b7c453249d6f7c2b8f1e1d8bfda8d05f,0x6dc0...d05f,10666.11,13.55,70.59,1.59,34,89,4,73197.5,shark,2026-05-19T09:42:02.453206+00:00,2025-08-21T22:09:12.786000+00:00,Shark; Neutral; Small Gain; Breakeven; Long-term; Aggr. Low-Freq,no,below 500 closed positions; below 80% win rate
198,2,98,0xc0045a47d21f650545bdd3e2e418861c43e4d385,0xc004...d385,10592.63,12.34,90.74,73.58,108,356,0,85833.51,shark,2026-05-10T16:14:21.233472+00:00,2025-10-19T12:09:54.796000+00:00,Shark; Bullish; Small Gain; Breakeven; Long-term; Aggr. Low-Freq,no,below 500 closed positions; drawdown >= 15%
199,2,99,0xb9fee87ada5100e29afaad51a2c60096010154c2,0xb9fe...54c2,10579.44,12.28,51.94,60.64,129,295,0,26451.39,shark,2026-05-19T09:50:20.461644+00:00,2024-04-17T09:36:47.029000+00:00,Shark; Bullish; Mid Gain; Volatile Profit; Swinger; Aggr. Low-Freq,no,below 500 closed positions; below 80% win rate; drawdown >= 15%
200,2,100,0xf2704e08a4d989f76171c9389665e77c870345a7,0xf270...45a7,10538.72,56.97,44.83,14.24,928,2000,7,25591.18,shark,2026-05-19T09:51:25.260194+00:00,2026-03-07T06:56:10.646743+00:00,Shrimp; Bullish; Large Gain; Breakeven; Scalper; Cons. Hi-Freq,no,below 80% win rate
201,3,1,0xba53e49af804fef5ac88ac423842db941a5fd60a,0xba53...d60a,10461.65,25.3,36.24,32.1,229,392,3,29844.29,shark,2026-05-19T09:49:37.415926+00:00,2026-03-07T08:03:04.773104+00:00,Shark; Bullish; Large Gain; Breakeven; Swinger; Aggr. Low-Freq,no,below 500 closed positions; below 80% win rate; drawdown >= 15%
202,3,2,0x47c328f9aa5790478f48f93ddb4bf709cea46324,0x47c3...6324,10338.08,76.48,64.09,12.31,323,1036,1,9512.82,shark,2026-04-25T12:12:17.293925+00:00,2025-12-15T14:37:05.486000+00:00,Shark; Bullish; Small Gain; Volatile Profit; Swinger; Aggr. Low-Freq,no,below 500 closed positions; below 80% win rate
203,3,3,0x1739d028fcad09b6c697f83b645734e55ed732c0,0x1739...32c0,10118.63,7.15,44.31,47.59,677,1994,1,136230.07,whale_mid,2026-05-19T10:31:19.502974+00:00,2026-02-28T11:23:31.221000+00:00,Whale; Bullish; Mid Gain; Breakeven; Short-term; Cons. Hi-Freq,no,below 80% win rate; drawdown >= 15%
204,3,4,0xd27bed67877ba34cf4bdd119b59b7b4c5a4acdba,0xd27b...cdba,10097.59,99.51,80.06,15.98,672,1493,1,8223,shark,2026-05-03T21:37:36.401517+00:00,2025-12-02T15:14:19.925000+00:00,Shark; Bullish; Large Gain; Breakeven; Short-term; Asymmetric Pro,no,drawdown >= 15%
205,3,5,0x38fa26c9524343b12c0d742e23c0db77948114cb,0x38fa...14cb,10076.96,10.2,71.31,48.94,718,1524,1,25248.17,shark,2026-05-14T11:32:16.803810+00:00,2026-03-13T08:13:29.413000+00:00,Shark; Bullish; Mid Gain; Sustained Profit; Scalper; Cons. Hi-Freq,no,below 80% win rate; drawdown >= 15%
206,3,6,0x2105f1e2ee6c2d8f5b2c2ace9d28c2b44d13bdd4,0x2105...bdd4,9785.93,23.45,37.22,100,575,1293,1,5437.75,shark,2026-05-02T21:04:15.264276+00:00,2026-02-13T02:57:31.354000+00:00,Shark; Bullish; Large Gain; Breakeven; Scalper; Cons. Hi-Freq,no,below 80% win rate; drawdown >= 15%
207,3,7,0xea4fc1ae43d644b35e6874c32c49516ccb21df32,0xea4f...df32,9732.31,2.62,81.99,8.99,1094,2000,162,302929.02,whale_mid,2026-05-19T10:29:55.589010+00:00,2026-03-06T21:50:34.845373+00:00,Whale; Bullish; Mid Gain; Sustained Profit; Scalper; Cons. Hi-Freq,yes,passes current first-pass stats filter
208,3,8,0x139791013f6dcc26f4052e6a7b8ed50099e7d15b,0x1397...d15b,9657.09,50.12,65.61,100,189,365,0,35693.8,shark,2026-05-19T09:47:57.604726+00:00,2025-06-03T08:28:26.446000+00:00,Shark; Neutral; Mid Gain; Volatile Profit; Swinger; Aggr. Low-Freq,no,below 500 closed positions; below 80% win rate; drawdown >= 15%
209,3,9,0x3e8379fa4e49648d88dc6c885abd776adbdc2132,0x3e83...2132,9635.58,11.55,60.34,10.13,58,93,2,81434.61,shark,2026-05-19T09:40:44.452788+00:00,2025-02-03T03:52:36.939000+00:00,Shark; Bullish; Small Gain; Breakeven; Swinger; Aggr. Low-Freq,no,below 500 closed positions; below 80% win rate
210,3,10,0x34e51fecdb28fdbf7a0e1284981e0bcdb724d851,0x34e5...d851,9546.7,93.82,81.4,8.82,715,1016,0,20408.43,shark,2026-05-19T09:55:18.161752+00:00,2025-10-07T03:33:17.111000+00:00,Shark; Bullish; Large Gain; Sustained Profit; Scalper; Asymmetric Pro,yes,passes current first-pass stats filter
211,3,11,0x6e333c9b5c7d1bc69a9016739972edf3acff7731,0x6e33...7731,9348.39,51.39,70.31,9.52,256,566,2,23365.25,shark,2026-05-19T09:52:42.483577+00:00,2025-11-04T17:38:50.882000+00:00,Shark; Bullish; Large Gain; Sustained Profit; Short-term; Asymmetric Pro,no,below 500 closed positions; below 80% win rate
212,3,12,0xdf06a761d286c0ae835173236e1f12f1379e4977,0xdf06...4977,9343.33,34.11,79.41,100,306,702,2,28131.9,shark,2026-05-19T09:51:10.509801+00:00,2026-03-07T18:05:08.262868+00:00,Shark; Bullish; Large Gain; Sustained Profit; Scalper; Asymmetric Pro,no,below 500 closed positions; below 80% win rate; drawdown >= 15%
213,3,13,0x1289894a932ae5b4679b236f96eae4236f4ee9c4,0x1289...e9c4,9287.96,51.62,42.72,14.82,323,703,0,17992.76,shark,2026-05-16T10:50:02.135827+00:00,2026-05-14T16:59:36.355000+00:00,Shark; Bullish; Large Gain; Breakeven; Scalper; Cons. Hi-Freq,no,below 500 closed positions; below 80% win rate
214,3,14,0xbc76170c8a15b34941ba9e00567d7e0f11ba417c,0xbc76...417c,9219.01,11.14,26.78,92.46,10181,20722,1,55255.07,shark,2026-05-19T09:43:09.785642+00:00,2026-03-14T20:05:53.527000+00:00,Shark; Bullish; Large Gain; Breakeven; Scalper; Cons. Hi-Freq,no,"above 3,000 closed positions; below 80% win rate; drawdown >= 15%"
215,3,15,0x1be80f7ff3939b443234183f569f8deb7e77cd42,0x1be8...cd42,9213.44,18.51,41.18,9.26,17,36,1,23095.63,shark,2026-05-19T09:52:58.042508+00:00,2026-03-10T10:06:04.410613+00:00,Shark; Bullish; Small Gain; Breakeven; Long-term; Aggr. Low-Freq,no,below 500 closed positions; below 80% win rate
216,3,16,0x591b0e054b6a136818519587ad16b464fe7e2483,0x591b...2483,8989.91,9.09,35.75,100,358,777,0,23216.05,shark,2026-05-19T09:52:51.336323+00:00,2025-11-13T22:24:52.900000+00:00,Shark; Bullish; Large Gain; Breakeven; Scalper; Cons. Hi-Freq,no,below 500 closed positions; below 80% win rate; drawdown >= 15%
217,3,17,0xb1e6c5cdec135ee39957b7b53fee9ff3e3516923,0xb1e6...6923,8980.01,57.54,99.19,6.8,494,522,0,18336.2,shark,2026-05-13T16:23:01.475021+00:00,2026-01-30T01:40:32.768000+00:00,Shark; Bullish; Large Gain; Sustained Profit; Short-term; Cons. Hi-Freq,no,below 500 closed positions
218,3,18,0x51b62b4bf8df6f2795b3da30cb46aa47f9f230a8,0x51b6...30a8,8920,10.66,59.95,100,422,937,8,129727,whale_mid,2026-05-19T10:31:22.631545+00:00,2025-06-23T05:47:07.345000+00:00,Shark; Bullish; Mid Gain; Breakeven; Swinger; Aggr. Low-Freq,no,below 500 closed positions; below 80% win rate; drawdown >= 15%
219,3,19,0x8812a9e65e68cb267f09e0f2a7eb8b7d4b5d056d,0x8812...056d,8895.72,58.27,44.69,47.75,622,2000,0,31008.67,shark,2026-05-19T09:49:17.875871+00:00,2026-01-15T14:19:08.526000+00:00,Shark; Bullish; Large Gain; Breakeven; Scalper; Cons. Hi-Freq,no,below 80% win rate; drawdown >= 15%
220,3,20,0xf9fc0730df0355da336708add93dc1962aadb1d0,0xf9fc...b1d0,8836.36,2.11,50.07,100,707,1917,2,441854.77,whale_mid,2026-05-19T10:29:38.795155+00:00,2026-03-11T12:26:45.575000+00:00,Whale; Bullish; Mid Gain; Sustained Profit; Scalper; Cons. Hi-Freq,no,below 80% win rate; drawdown >= 15%
221,3,21,0x5aadb434293b4e1b8fb2e84007e567506fe65a96,0x5aad...5a96,8623.34,10.27,71.78,15.34,450,1258,1,196447.82,whale_mid,2026-05-19T10:30:32.070135+00:00,2026-01-28T16:48:28.127000+00:00,Shark; Bullish; Large Gain; Sustained Profit; Scalper; Cons. Hi-Freq,no,below 500 closed positions; below 80% win rate; drawdown >= 15%
222,3,22,0xb14925c2a470a2410a30f4a052a16700f0c167d8,0xb149...67d8,8619.36,18.37,85.64,15.68,188,219,4,20828.32,shark,2026-05-19T09:54:16.019412+00:00,2024-11-06T02:23:16.536000+00:00,Shark; Bullish; Mid Gain; Volatile Profit; Swinger; Aggr. Low-Freq,no,below 500 closed positions; drawdown >= 15%
223,3,23,0xa36543f295b6b29fad014af7f951eee03cb97549,0xa365...7549,8590.58,6.52,46.32,94.59,721,2123,0,116244.03,whale_mid,2026-05-19T10:31:35.650903+00:00,2026-02-05T21:37:45.707000+00:00,Whale; Bullish; Small Gain; Breakeven; Scalper; Cons. Hi-Freq,no,below 80% win rate; drawdown >= 15%
224,3,24,0xf220c9b7b4c0e5e785ebe4b40b17576ce24473e0,0xf220...73e0,8574.99,857499,50.9,89.33,837,1760,1,0,shark,2026-05-14T17:09:32.459197+00:00,2026-02-27T14:09:59.453000+00:00,Shrimp; Neutral; Large Gain; Breakeven; Scalper; Cons. Hi-Freq,no,below 80% win rate; drawdown >= 15%
225,3,25,0x4993c3bd701639880fc0c8960f9251fe5f00fc97,0x4993...fc97,8513.89,63.55,61.79,100,547,1215,0,0.01,shark,2026-05-19T10:16:10.845140+00:00,2026-03-07T15:33:03.799204+00:00,Shark; Neutral; Large Gain; Sustained Profit; Scalper; Asymmetric Pro,no,below 80% win rate; drawdown >= 15%
226,3,26,0xcb15941180ed7cff8b3547117eca6b78cbdeaf9c,0xcb15...af9c,8474.76,3.96,35.54,4.24,951,2000,24,185813.48,whale_mid,2026-05-19T10:30:34.629882+00:00,2026-03-07T15:58:03.812185+00:00,Whale; Bullish; Mid Gain; Breakeven; Scalper; Cons. Hi-Freq,no,below 80% win rate
227,3,27,0x02458e17a59386d7a9f71d4135aebc976f81ba3d,0x0245...ba3d,8345.4,9.81,29.37,80.69,4066,6831,0,85101.76,shark,2026-05-19T10:39:08.934027+00:00,2026-03-07T13:06:02.444478+00:00,Shark; Bullish; Large Gain; Breakeven; Scalper; Cons. Hi-Freq,no,"above 3,000 closed positions; below 80% win rate; drawdown >= 15%"
228,3,28,0xc70dfc0b2f94003ea67cb9d2b55252e3a37d0861,0xc70d...0861,8329.75,57.98,35.55,100,661,1434,1,5766.42,shark,2026-05-12T00:23:18.261149+00:00,2026-03-07T16:45:02.488923+00:00,Shark; Bullish; Large Gain; Breakeven; Scalper; Cons. Hi-Freq,no,below 80% win rate; drawdown >= 15%
229,3,29,0x161619839ebbada5d3c279e1a79c50f7fc4274d6,0x1616...74d6,8282.24,29,27.91,4.86,43,114,0,17312.94,shark,2026-05-14T07:17:23.336262+00:00,2026-03-09T00:14:03.886219+00:00,Shark; Bullish; Mid Gain; Breakeven; Swinger; Aggr. Low-Freq,no,below 500 closed positions; below 80% win rate
230,3,30,0x9b8d146ab4b61c281b993e3f85066249a6e9b0db,0x9b8d...b0db,8275.88,57.72,57.14,32.02,28,402,0,11993.15,shark,2026-04-12T03:54:40.129958+00:00,2025-01-18T08:12:10.857000+00:00,Shark; Bullish; Large Gain; Breakeven; Swinger; Aggr. Low-Freq,no,below 500 closed positions; below 80% win rate; drawdown >= 15%
231,3,31,0x0ff911dc09dbb3006f25ee71093d0fe4fd82a44d,0x0ff9...a44d,8061.12,3.63,65.5,36.43,1029,1953,1,142865.35,whale_mid,2026-05-19T10:31:15.942048+00:00,2026-03-04T09:03:14.396000+00:00,Whale; Bullish; Small Gain; Breakeven; Scalper; Cons. Hi-Freq,no,below 80% win rate; drawdown >= 15%
232,3,32,0x4fedc39b20ce528ccd20aea608fc8f6891bd689f,0x4fed...689f,8048.79,14.13,87.5,100,8,8,0,56950.91,shark,2026-03-16T14:40:04.483836+00:00,2025-03-11T20:54:15.201000+00:00,Shark; Bullish; Large Gain; Volatile Profit; Swinger; Aggr. Low-Freq,no,below 500 closed positions; drawdown >= 15%
233,3,33,0x02938da2e3e9e95bc5eeb068a09142ef0792ca17,0x0293...ca17,7941.56,79.39,82.31,100,735,2000,0,9907.3,shark,2026-05-19T10:05:16.170382+00:00,2026-03-09T17:13:05.714439+00:00,Shark; Neutral; Large Gain; Breakeven; Scalper; Asymmetric Pro,no,drawdown >= 15%
234,3,34,0xfc72a8363d064e25b2243bd62171adcac2dfe3ef,0xfc72...e3ef,7761.11,47.22,35.59,3.22,236,485,1,1248.62,shark,2026-05-19T10:13:30.641834+00:00,2024-09-22T23:07:47.944000+00:00,Shark; Bullish; Large Gain; Breakeven; Short-term; Cons. Hi-Freq,no,below 500 closed positions; below 80% win rate
235,3,35,0xdfb36a4362ca5a3acfebd2ba7d54c9e1d4c69016,0xdfb3...9016,7392.21,7.7,69.23,4.32,52,139,6,27180.39,shark,2026-05-19T09:49:59.906249+00:00,2025-08-31T08:04:08.788000+00:00,Shark; Bullish; Small Gain; Volatile Profit; Swinger; Aggr. Low-Freq,no,below 500 closed positions; below 80% win rate
236,3,36,0x6540eb7e42e992982fbeeec7aa080a87cf67274b,0x6540...274b,7291.39,8.26,79.03,44.79,62,134,5,105438.53,whale_mid,2026-05-19T10:31:55.836816+00:00,2025-05-15T13:40:33.617000+00:00,Shark; Bullish; Mid Gain; Volatile Profit; Swinger; Aggr. Low-Freq,no,below 500 closed positions; below 80% win rate; drawdown >= 15%
237,3,37,0xcc8fc893b2d1c79c3305a8c45718105228b666ef,0xcc8f...66ef,7264.53,47.3,70.3,12.7,101,169,0,6954,shark,2026-05-15T07:44:12.139291+00:00,2026-01-31T13:32:52.322000+00:00,Shark; Bullish; Large Gain; Sustained Profit; Short-term; Asymmetric Pro,no,below 500 closed positions; below 80% win rate
238,3,38,0xe6a2f663507b953382559c25a8323dc7df10801a,0xe6a2...801a,7137.15,56.07,58.82,88.91,850,1856,1,4349.8,shark,2026-04-28T10:37:14.077969+00:00,2026-03-07T03:29:03.076908+00:00,Shark; Bullish; Large Gain; Breakeven; Scalper; Cons. Hi-Freq,no,below 80% win rate; drawdown >= 15%
239,3,39,0x435c59ce0b7e90b9204d33c095c5e12ae78b23e8,0x435c...23e8,7126.53,50.18,71.43,11.72,14,96,0,9232.38,shark,2026-05-19T10:05:58.118172+00:00,2025-01-19T16:03:15.168000+00:00,Shark; Bullish; Large Gain; Sustained Profit; Swinger; Asymmetric Pro,no,below 500 closed positions; below 80% win rate
240,3,40,0x279f7364049b22bb8a456532250c473e7b491619,0x279f...1619,7087.15,1.16,83.23,9.46,805,2000,1,508150.76,whale,2026-05-19T10:29:28.546319+00:00,2026-03-07T01:45:03.551097+00:00,Whale; Neutral; Small Gain; Sustained Profit; Scalper; Cons. Hi-Freq,yes,passes current first-pass stats filter
241,3,41,0xb5be7ae6f69c5d3ad941e17200ea316db91aa9fb,0xb5be...a9fb,7069.55,48.23,60.77,5.73,543,2000,0,32278.23,shark,2026-05-19T09:48:37.567402+00:00,2026-01-20T00:18:16.557000+00:00,Shark; Bearish; Large Gain; Breakeven; Scalper; Cons. Hi-Freq,no,below 80% win rate
242,3,42,0x8b67b0a78e557201fa0f9db2bc9dba5d55aaf692,0x8b67...f692,7067.15,7.98,59.1,100,1675,3770,0,62706.2,shark,2026-05-19T09:43:51.789948+00:00,2025-10-31T13:33:54.240000+00:00,Shark; Bullish; Mid Gain; Sustained Profit; Scalper; Cons. Hi-Freq,no,below 80% win rate; drawdown >= 15%
243,3,43,0x00871deac87b9096d8c361a1c27fb1c8e485f0f7,0x0087...f0f7,7034.99,20.66,99.32,14.29,295,775,1,34054.61,shark,2026-03-22T01:46:05.152064+00:00,2025-10-10T21:24:03.382000+00:00,Shark; Bullish; Large Gain; Sustained Profit; Scalper; Cons. Hi-Freq,no,below 500 closed positions
244,3,44,0xaebd5fcfe9894d3cc67829c8088d5e999a9fe99c,0xaebd...e99c,7001.48,15.85,70.67,59.18,150,320,1,46819.86,shark,2026-05-19T09:45:32.542870+00:00,2026-03-08T09:22:06.079615+00:00,Shark; Neutral; Large Gain; Volatile Profit; Swinger; Aggr. Low-Freq,no,below 500 closed positions; below 80% win rate; drawdown >= 15%
245,3,45,0x5cadce51db28ab261e50743feb881a3f7aca0a69,0x5cad...0a69,6985.63,3.94,34.36,39.03,454,1169,3,145391.56,whale_mid,2026-05-19T10:31:14.783475+00:00,2026-03-08T06:26:04.007584+00:00,Whale; Bullish; Mid Gain; Breakeven; Short-term; Cons. Hi-Freq,no,below 500 closed positions; below 80% win rate; drawdown >= 15%
246,3,46,0x0eba5721065f961bced568527bfa03ea9ed61a00,0x0eba...1a00,6980.71,5.78,83.33,38.95,72,193,1,145940.27,whale_mid,2026-05-19T10:31:14.503450+00:00,2025-10-08T11:03:18.936000+00:00,Whale; Neutral; Mid Gain; Volatile Profit; Swinger; Aggr. Low-Freq,no,below 500 closed positions; drawdown >= 15%
247,3,47,0x279818c822e5c6135d989df50d0bba96e9564ce5,0x2798...4ce5,6934.71,1.45,97.58,9.68,1197,1994,0,477905.95,whale_mid,2026-05-19T10:29:35.311713+00:00,2026-03-09T15:34:26.857000+00:00,Whale; Neutral; Small Gain; Sustained Profit; Scalper; Cons. Hi-Freq,yes,passes current first-pass stats filter
248,3,48,0x331b43b2e6d248415e3647979c7c6fb79e1b37e7,0x331b...37e7,6927.49,61.9,67.02,12.97,94,189,1,7566.36,shark,2026-05-19T10:07:31.561309+00:00,2025-08-31T17:03:48.547000+00:00,Shark; Bullish; Large Gain; Sustained Profit; Swinger; Asymmetric Pro,no,below 500 closed positions; below 80% win rate
249,3,49,0x5b88233dd52ac008d2a8ba0048f58fba36e0c667,0x5b88...c667,6876.51,33.76,72.06,100,902,2000,1,21607.86,shark,2026-05-19T09:54:03.546424+00:00,2026-03-08T22:12:06.436655+00:00,Shark; Bullish; Large Gain; Sustained Profit; Scalper; Asymmetric Pro,no,below 80% win rate; drawdown >= 15%
250,3,50,0x67be7dd5a9a4502ab10913cf49f48f7231dec831,0x67be...c831,6857.38,8.26,42.91,100,804,1812,4,65565.83,shark,2026-05-19T09:43:40.945375+00:00,2025-06-12T03:31:22.880000+00:00,Shark; Bullish; Mid Gain; Breakeven; Scalper; Cons. Hi-Freq,no,below 80% win rate; drawdown >= 15%
251,3,51,0x5af5bc81a11a1b28b0960752ea4d86c5ac34f245,0x5af5...f245,6770.48,13.82,84.7,12.52,843,2000,3,1927.07,shark,2026-05-19T10:13:18.642146+00:00,2026-03-07T08:05:03.338657+00:00,Shark; Neutral; Large Gain; Sustained Profit; Scalper; Cons. Hi-Freq,yes,passes current first-pass stats filter
252,3,52,0x241066637dea18ef8fdcb1af0a920daa93c3bec0,0x2410...bec0,6718.91,43.35,87.1,12.75,682,1508,1,167.05,shark,2026-05-07T15:54:14.844016+00:00,2026-03-09T08:27:07.357374+00:00,Shrimp; Bullish; Large Gain; Sustained Profit; Scalper; Asymmetric Pro,yes,passes current first-pass stats filter
253,3,53,0xa056f7cfe978ddceb9b4189ca80a354e1dd0fd54,0xa056...fd54,6689.4,54.36,79.66,10.42,59,203,1,9644.68,shark,2026-05-19T10:05:42.883651+00:00,2026-03-09T01:25:09.642900+00:00,Shark; Bearish; Small Gain; Breakeven; Swinger; Aggr. Low-Freq,no,below 500 closed positions; below 80% win rate
254,3,54,0xf5eb419015d0b6f535477d7ee1fe226ea1f9ce33,0xf5eb...ce33,6565.91,9.86,66.67,26.43,84,193,1,66605.22,shark,2026-05-19T09:43:20.831370+00:00,2025-09-19T08:46:04.561000+00:00,Shark; Bullish; Mid Gain; Breakeven; Swinger; Aggr. Low-Freq,no,below 500 closed positions; below 80% win rate; drawdown >= 15%
255,3,55,0xd10218408815125ce7dcad1e330dc225bcb05058,0xd102...5058,6560.64,10.74,75.94,55.6,187,400,3,57661.54,shark,2026-05-19T09:44:33.349977+00:00,2025-06-23T15:19:48.641000+00:00,Shark; Bullish; Small Gain; Volatile Profit; Swinger; Aggr. Low-Freq,no,below 500 closed positions; below 80% win rate; drawdown >= 15%
256,3,56,0x8b5db04711eec05267569c6f2546540edb24a5a9,0x8b5d...a5a9,6555.88,52.49,71.67,100,293,520,0,8807.47,shark,2026-05-19T10:06:23.632099+00:00,2026-03-07T19:56:06.768193+00:00,Shark; Bullish; Large Gain; Sustained Profit; Short-term; Asymmetric Pro,no,below 500 closed positions; below 80% win rate; drawdown >= 15%
257,3,57,0x30301fb4c7306850b40062dcc9de02b5a8d2c4dd,0x3030...c4dd,6474.5,18.89,56.4,100,1289,2000,0,5486.59,shark,2026-05-19T10:10:11.682086+00:00,2026-03-08T22:48:04.367106+00:00,Shark; Bullish; Large Gain; Breakeven; Scalper; Cons. Hi-Freq,no,below 80% win rate; drawdown >= 15%
258,3,58,0x18a1a5fea64711d527622f0eac3e3c120f06627e,0x18a1...627e,6469.49,47.59,91.03,17.54,301,784,3,17390.47,shark,2026-05-19T09:57:41.838668+00:00,2026-03-09T04:33:03.199151+00:00,Shark; Bullish; Large Gain; Sustained Profit; Scalper; Asymmetric Pro,no,below 500 closed positions; drawdown >= 15%
259,3,59,0x1041bf8258c5143dba4591a66628cf7a24465974,0x1041...5974,6383.71,11.1,71.43,6.78,49,210,0,2432.56,shark,2026-05-19T10:12:31.015893+00:00,2026-03-08T02:54:01.740427+00:00,Shark; Bullish; Small Gain; Volatile Profit; Long-term; Aggr. Low-Freq,no,below 500 closed positions; below 80% win rate
260,3,60,0x38efbe0c9b2d4635a14d83f4259d7dce861422ec,0x38ef...22ec,6263.3,29.57,50,0,14,42,0,0.03,shark,2026-05-19T10:14:58.476672+00:00,2024-06-10T16:21:23.662000+00:00,Shark; Bullish; Large Gain; Breakeven; Long-term; Asymmetric Pro,no,below 500 closed positions; below 80% win rate
261,3,61,0x8fafc23611d59310b957162b8479f354c5a0eb4d,0x8faf...eb4d,6247.65,5.29,59.06,100,276,594,2,224824.86,whale_mid,2026-05-19T10:30:21.848419+00:00,2026-03-09T10:23:04.086638+00:00,Whale; Bullish; Mid Gain; Sustained Profit; Short-term; Cons. Hi-Freq,no,below 500 closed positions; below 80% win rate; drawdown >= 15%
262,3,62,0x3b46e19de95409d8eccbe03d245bb62a772271fa,0x3b46...71fa,6202.05,22.56,48.43,100,892,2000,44,28508.72,shark,2026-05-19T09:49:51.291976+00:00,2026-03-07T04:00:08.405406+00:00,Shark; Bullish; Large Gain; Breakeven; Scalper; Cons. Hi-Freq,no,below 80% win rate; drawdown >= 15%
263,3,63,0x7977b2f97866865d67a4e8b0c46f350f30e89fe2,0x7977...9fe2,6195.48,45.26,62.33,100,215,628,1,11527.51,shark,2026-05-19T10:02:15.810009+00:00,2026-03-09T19:03:03.318274+00:00,Shark; Bullish; Large Gain; Sustained Profit; Short-term; Asymmetric Pro,no,below 500 closed positions; below 80% win rate; drawdown >= 15%
264,3,64,0xb85c2b4d7f3fdc605e7c26d06b1a640371992602,0xb85c...2602,6131.57,33.06,41.77,0.14,881,2000,0,0,shark,2026-05-19T10:17:29.172617+00:00,2026-03-11T23:04:03.536889+00:00,Shark; Bullish; Large Gain; Breakeven; Scalper; Cons. Hi-Freq,no,below 80% win rate
265,3,65,0x68509f21b461e0aed9dd2d41824bd46cb57b3dc3,0x6850...3dc3,6124.21,9.66,37.32,19.45,142,281,0,63406.17,shark,2026-03-14T04:15:28.083689+00:00,2026-01-27T08:14:47.395000+00:00,Shark; Bullish; Small Gain; Volatile Profit; Swinger; Aggr. Low-Freq,no,below 500 closed positions; below 80% win rate; drawdown >= 15%
266,3,66,0x88af2eae66a36804865127b23dc25a25ed3c542d,0x88af...542d,6099.19,17.46,57.75,100,1122,1927,3,34974.82,shark,2026-05-19T09:48:06.431682+00:00,2026-01-22T14:59:09.525000+00:00,Shark; Bullish; Mid Gain; Volatile Profit; Swinger; Aggr. Low-Freq,no,below 80% win rate; drawdown >= 15%
267,3,67,0x7fa8a6161b17b4ee11ee591878de6930286300d0,0x7fa8...00d0,6069.38,6.15,83.4,14.01,723,1025,1,99706.61,shark,2026-05-19T10:32:09.774259+00:00,2025-03-29T09:39:27.887000+00:00,Shark; Bearish; Mid Gain; Sustained Profit; Scalper; Cons. Hi-Freq,yes,passes current first-pass stats filter
268,3,68,0xed2c11cf1e54a528af44d580fed126746a6b8b97,0xed2c...8b97,6006.32,38.71,70.54,12.35,482,1060,1,8702.7,shark,2026-05-19T10:06:33.785530+00:00,2026-03-26T09:38:18.107000+00:00,Shark; Bullish; Large Gain; Sustained Profit; Scalper; Asymmetric Pro,no,below 500 closed positions; below 80% win rate
269,3,69,0xc96abb90ce9e729d6f8e67c6cde609a28b753aea,0xc96a...3aea,5982.96,51.01,51.43,11.62,35,171,0,11728.31,shark,2026-04-13T23:34:48.270152+00:00,2025-11-02T13:53:45.704000+00:00,Shark; Bullish; Large Gain; Breakeven; Short-term; Asymmetric Pro,no,below 500 closed positions; below 80% win rate
270,3,70,0x46232cbdb0512ca7b00b8271e285bf8447f1330b,0x4623...330b,5813.18,48.11,66.22,76.57,299,666,2,3754.97,shark,2026-05-19T10:10:50.156620+00:00,2026-03-11T15:57:05.622696+00:00,Shark; Bullish; Large Gain; Breakeven; Short-term; Asymmetric Pro,no,below 500 closed positions; below 80% win rate; drawdown >= 15%
271,3,71,0xebc9865942ab666a57976a7768594b29133cbf53,0xebc9...bf53,5796.09,19.03,92.31,25.49,26,37,3,1966.27,shark,2026-05-19T10:13:18.038337+00:00,2026-03-07T07:06:16.023415+00:00,Shrimp; Bullish; Large Gain; Volatile Profit; Long-term; Aggr. Low-Freq,no,below 500 closed positions; drawdown >= 15%
272,3,72,0x56f846f6fcc654ed675fff4887f7dd54b2389433,0x56f8...9433,5781.61,37.74,61.11,10.94,792,1878,0,4523.01,shark,2026-05-19T10:10:35.057805+00:00,2025-11-29T20:50:43.195000+00:00,Shark; Bullish; Large Gain; Sustained Profit; Short-term; Cons. Hi-Freq,no,below 80% win rate
273,3,73,0xdc207db4fa8a77e6ff038fe20816ba955a4940cb,0xdc20...40cb,5773.91,10.68,89.02,12.81,1621,2000,22,62945.04,shark,2026-05-19T09:43:54.792083+00:00,2026-03-07T04:03:12.006025+00:00,Shark; Bullish; Large Gain; Sustained Profit; Scalper; Cons. Hi-Freq,yes,passes current first-pass stats filter
274,3,74,0x07790b1d81b2773d4e12fa276efc8140db559300,0x0779...9300,5711.43,39.95,55.66,50.96,318,755,0,7822.68,shark,2026-05-19T10:08:04.377228+00:00,2026-03-09T12:56:03.657783+00:00,Shark; Bullish; Large Gain; Breakeven; Scalper; Cons. Hi-Freq,no,below 500 closed positions; below 80% win rate; drawdown >= 15%
275,3,75,0x9bbf40a5cd58a832696c1ae903459c6c2e930150,0x9bbf...0150,5683.95,6.89,82.51,12.85,772,2000,1,16667.97,shark,2026-05-19T09:57:15.340158+00:00,2026-03-07T05:48:01.835307+00:00,Shark; Neutral; Mid Gain; Sustained Profit; Scalper; Cons. Hi-Freq,yes,passes current first-pass stats filter
276,3,76,0x05c47beed53eb8b3fc14538f881d0941cbbe05a1,0x05c4...05a1,5664.6,34.13,64.1,84.2,39,126,3,24594.09,shark,2026-05-19T09:51:22.879872+00:00,2026-03-10T02:37:04.793294+00:00,Shark; Bullish; Mid Gain; Volatile Profit; Swinger; Aggr. Low-Freq,no,below 500 closed positions; below 80% win rate; drawdown >= 15%
277,3,77,0x62ef79ae03dd27e358d411866c0ffeecdbe60bba,0x62ef...0bba,5651.65,56.31,25.71,21.9,35,69,3,7114.13,shark,2026-05-19T10:08:41.274054+00:00,2026-03-11T00:06:02.280658+00:00,Shark; Neutral; Large Gain; Volatile Profit; Long-term; Aggr. Low-Freq,no,below 500 closed positions; below 80% win rate; drawdown >= 15%
278,3,78,0xf1ed8db37b7474fb5bfe01b58def6001955a2d2a,0xf1ed...2d2a,5505.89,11.05,30.99,100,413,1015,0,20194.95,shark,2026-04-22T16:00:54.124747+00:00,2025-09-30T12:49:58.731000+00:00,Shark; Bearish; Large Gain; Breakeven; Scalper; Cons. Hi-Freq,no,below 500 closed positions; below 80% win rate; drawdown >= 15%
279,3,79,0xfc617b04c5b804e4ebf47627eb0d536cd12508a2,0xfc61...08a2,5455.99,19.66,47.1,2.47,724,2000,5,38581.04,shark,2026-05-19T09:51:12.166763+00:00,2026-01-31T14:34:21.005000+00:00,Shark; Bullish; Large Gain; Breakeven; Scalper; Cons. Hi-Freq,no,below 80% win rate
280,3,80,0x8a344cb5e93f9f618222353058f5832d8b4cbe7d,0x8a34...be7d,5317.8,15.64,88.78,72.52,196,283,1,37022.17,shark,2026-05-19T09:47:46.833070+00:00,2024-02-12T09:51:36.243000+00:00,Shark; Bullish; Mid Gain; Volatile Profit; Swinger; Aggr. Low-Freq,no,below 500 closed positions; drawdown >= 15%
281,3,81,0x17f1528fa3ea89278dde13601c7247f37192cf76,0x17f1...cf76,5291.55,15.92,89.7,15.36,165,214,0,35720.66,shark,2026-05-19T09:47:57.435647+00:00,2025-08-27T13:53:50.346000+00:00,Shark; Bullish; Mid Gain; Breakeven; Swinger; Aggr. Low-Freq,no,below 500 closed positions; drawdown >= 15%
282,3,82,0x3d2b07cd0e9a2d3d8954f7f65d96e10e3d060630,0x3d2b...0630,5192.68,35,84.73,12.21,131,214,1,66929.63,shark,2026-05-19T09:43:16.159824+00:00,2026-03-07T18:05:10.086749+00:00,Shrimp; Bullish; Large Gain; Sustained Profit; Short-term; Asymmetric Pro,no,below 500 closed positions
283,3,83,0x68e1fd4efdf7547efaf532d6ad6fda0f65e952d4,0x68e1...52d4,5101.45,5.22,71.65,9.89,194,423,1,52910.63,shark,2026-05-13T16:10:42.703004+00:00,2026-05-11T16:12:07.598000+00:00,Shark; Neutral; Mid Gain; Sustained Profit; Short-term; Cons. Hi-Freq,no,below 500 closed positions; below 80% win rate
284,3,84,0x9b864dde6ed1c21608b1665a0ac0faa4f7e36e6e,0x9b86...6e6e,5035.65,1.63,68.65,22.82,252,1757,2,504688.97,whale,2026-05-19T10:29:29.096890+00:00,2026-02-28T20:09:46.143000+00:00,Whale; Bullish; Small Gain; Breakeven; Scalper; Cons. Hi-Freq,no,below 500 closed positions; below 80% win rate; drawdown >= 15%
285,3,85,0xd2f8866282e745a1da7219abbac460e44d5e4a3c,0xd2f8...4a3c,4849.54,42.05,60.71,16.08,56,86,1,3266.04,shark,2026-05-10T17:42:25.260246+00:00,2026-03-07T10:35:03.423274+00:00,Shark; Bullish; Large Gain; Breakeven; Swinger; Asymmetric Pro,no,below 500 closed positions; below 80% win rate; drawdown >= 15%
286,3,86,0x53c4cf628d36c4a098a80037b5f23d21d00461c8,0x53c4...61c8,4775.22,37.41,64.73,61.25,207,486,3,7928.25,shark,2026-05-19T10:08:05.779179+00:00,2026-03-09T23:29:03.404556+00:00,Shark; Bullish; Mid Gain; Breakeven; Long-term; Aggr. Low-Freq,no,below 500 closed positions; below 80% win rate; drawdown >= 15%
287,3,87,0x1af68b9a13200553d4c48e0c8da9c376ecccc454,0x1af6...c454,4761.15,18.71,53.19,90.42,957,2000,1,947.62,shark,2026-05-19T10:13:44.241193+00:00,2026-03-10T13:46:03.617170+00:00,Shark; Bullish; Large Gain; Breakeven; Scalper; Cons. Hi-Freq,no,below 80% win rate; drawdown >= 15%
288,3,88,0x4f261e6443c74f2a84c9fe7277bf7c848ee572cf,0x4f26...72cf,4754.08,20.25,87.8,5.39,82,148,3,23966.73,shark,2026-05-19T09:52:37.084580+00:00,2026-03-08T11:05:04.806922+00:00,Shark; Bullish; Mid Gain; Breakeven; Long-term; Aggr. Low-Freq,no,below 500 closed positions
289,3,89,0x77bfb5d0bb8da75e5dd301abea0a700cc45a9387,0x77bf...9387,4699.57,39.46,71.26,9.51,87,183,2,9845.64,shark,2026-05-19T10:04:19.716534+00:00,2026-03-02T21:47:28.858000+00:00,Shark; Bullish; Large Gain; Sustained Profit; Short-term; Asymmetric Pro,no,below 500 closed positions; below 80% win rate
290,3,90,0xd9b39b19ac2a7de6b743ef4ebba017ef251991df,0xd9b3...91df,4652.4,30.12,61.9,18.25,63,201,9,20992.98,shark,2026-05-19T09:54:20.594141+00:00,2025-12-13T11:03:13.693000+00:00,Shark; Bearish; Large Gain; Breakeven; Short-term; Asymmetric Pro,no,below 500 closed positions; below 80% win rate; drawdown >= 15%
291,3,91,0x06b786a0d3dbc3e9f71e42a365800361f8006980,0x06b7...6980,4563.46,26.56,79.57,11.8,783,961,0,5062.41,shark,2026-05-15T12:55:19.268365+00:00,2026-03-08T12:10:03.925688+00:00,Shark; Bullish; Large Gain; Breakeven; Scalper; Asymmetric Pro,no,below 80% win rate
292,3,92,0x80aaf27f4a9a0ad0411316fe88b7a461333df41e,0x80aa...f41e,4442.36,30.44,46.4,100,125,322,1,451.17,shark,2026-05-19T07:23:22.316593+00:00,2026-03-09T09:35:03.341486+00:00,Shrimp; Bullish; Large Gain; Breakeven; Short-term; Cons. Hi-Freq,no,below 500 closed positions; below 80% win rate; drawdown >= 15%
293,3,93,0xed62616a7c1dd354801f4e72389299a81493e004,0xed62...e004,4403.66,5.45,68.95,3.31,219,772,0,2060.4,shark,2026-05-19T10:13:10.005203+00:00,2025-08-13T18:08:03.402000+00:00,Shark; Bullish; Mid Gain; Breakeven; Short-term; Cons. Hi-Freq,no,below 500 closed positions; below 80% win rate
294,3,94,0x0642ac031890cdc469a2ada5965359a8432467f9,0x0642...67f9,4390.4,3.94,95.83,75.77,24,31,1,45561.61,shark,2026-05-19T09:45:49.135031+00:00,2024-04-12T18:51:52.826000+00:00,Whale; Bearish; Mid Gain; Volatile Profit; Long-term; Aggr. Low-Freq,no,below 500 closed positions; drawdown >= 15%
295,3,95,0x09ea27b371cfcfb0fecf7e6bfbfb4a7b5512deb8,0x09ea...deb8,4370.66,9.9,45.24,100,84,199,1,6874.07,shark,2026-05-19T10:08:54.066370+00:00,2026-03-07T15:20:05.525027+00:00,Shark; Neutral; Large Gain; Volatile Profit; Swinger; Aggr. Low-Freq,no,below 500 closed positions; below 80% win rate; drawdown >= 15%
296,3,96,0x58e5a4b324660a77a4d2cceca9e752469d25b6f4,0x58e5...b6f4,4264.59,5.01,26.39,0,144,319,1,317367.31,whale_mid,2026-05-19T10:29:53.239763+00:00,2026-04-25T16:00:46.083000+00:00,Shark; Neutral; Mid Gain; Breakeven; Short-term; Cons. Hi-Freq,no,below 500 closed positions; below 80% win rate
297,3,97,0xefb0f0b8907397b5d9717df664f6f35b5e891cd8,0xefb0...1cd8,4245.61,42.26,68.39,100,446,1350,1,8997.33,shark,2026-05-19T10:06:14.031569+00:00,2026-03-08T04:56:08.619012+00:00,Shark; Bullish; Large Gain; Sustained Profit; Short-term; Cons. Hi-Freq,no,below 500 closed positions; below 80% win rate; drawdown >= 15%
298,3,98,0xb2d88bb44f90cc408f23a002bedf5643ee24fe73,0xb2d8...fe73,4244.24,27.78,62.3,34.3,61,130,1,5905.07,shark,2026-05-19T10:02:06.788291+00:00,2026-03-08T14:16:04.063686+00:00,Shark; Bullish; Mid Gain; Volatile Profit; Long-term; Aggr. Low-Freq,no,below 500 closed positions; below 80% win rate; drawdown >= 15%
299,3,99,0xfd96361bff50a038ddb94adbcdeed14388b585eb,0xfd96...85eb,4222.12,39.82,49.47,18.27,188,373,0,7568.98,shark,2026-05-05T01:05:27.065375+00:00,2025-09-23T13:47:40.942000+00:00,Shark; Bullish; Large Gain; Breakeven; Short-term; Asymmetric Pro,no,below 500 closed positions; below 80% win rate; drawdown >= 15%
300,3,100,0x849a92362026d637d2844ac9dd769df90a5168a4,0x849a...68a4,4188.65,17.62,69.49,7.16,59,170,2,24005.18,shark,2026-05-19T09:52:36.851265+00:00,2026-03-10T11:30:03.689552+00:00,Shark; Bullish; Mid Gain; Volatile Profit; Swinger; Aggr. Low-Freq,no,below 500 closed positions; below 80% win rate
301,4,1,0x523979b277a398574a81da1d3511cb84823ce040,0x5239...e040,4106.94,38.62,89.33,12.63,75,219,5,22865.95,shark,2026-05-19T09:54:18.974366+00:00,2026-03-09T14:44:05.985925+00:00,Shark; Bullish; Small Gain; Volatile Profit; Swinger; Aggr. Low-Freq,no,below 500 closed positions
302,4,2,0x15a105b6eca967a438a6930f6859b7e5dbc134a7,0x15a1...34a7,4074.14,9.56,33.63,4.31,996,2000,2,19805.11,shark,2026-05-19T09:57:04.249091+00:00,2026-02-05T07:34:20.453000+00:00,Shark; Bullish; Mid Gain; Breakeven; Scalper; Cons. Hi-Freq,no,below 80% win rate
303,4,3,0x848573c82fef851c8226670d9e43a12655299563,0x8485...9563,4045.7,4.28,71.42,96.01,1354,2864,0,94488.27,shark,2026-05-19T10:33:13.952004+00:00,2025-02-02T18:38:42.442000+00:00,Shark; Neutral; Large Gain; Breakeven; Scalper; Cons. Hi-Freq,no,below 80% win rate; drawdown >= 15%
304,4,4,0x5a7158fdf77b77d0772d3ed26a785e3d211a3865,0x5a71...3865,3986.83,4.16,37.72,100,509,1284,3,17746.87,shark,2026-05-19T09:57:39.036718+00:00,2025-10-08T08:01:13.326000+00:00,Shark; Bullish; Large Gain; Breakeven; Scalper; Cons. Hi-Freq,no,below 80% win rate; drawdown >= 15%
305,4,5,0x1d708c36f659fae7bd66a434874e1d49cc5afff6,0x1d70...fff6,3960.97,32.79,59.42,17.13,69,192,0,506.99,shark,2026-05-05T09:17:51.522199+00:00,2026-03-08T00:03:06.127891+00:00,Shrimp; Bullish; Large Gain; Breakeven; Short-term; Asymmetric Pro,no,below 500 closed positions; below 80% win rate; drawdown >= 15%
306,4,6,0xd5c2896d72d9a10084b9c0ba28510e01dc65ba67,0xd5c2...ba67,3889.08,25.98,51.39,4.75,72,126,11,21453.11,shark,2026-05-19T09:53:21.848714+00:00,2026-05-04T20:29:07.676000+00:00,Shark; Bullish; Large Gain; Breakeven; Short-term; Asymmetric Pro,no,below 500 closed positions; below 80% win rate
307,4,7,0xe3142a08b1f55ccb4ac941e78b2a88933b1a30a7,0xe314...30a7,3666.88,34.69,60.33,12.66,300,651,0,1,shark,2026-05-19T10:14:47.114695+00:00,2025-07-12T01:23:14.160000+00:00,Shark; Bullish; Large Gain; Sustained Profit; Short-term; Cons. Hi-Freq,no,below 500 closed positions; below 80% win rate
308,4,8,0x47f366ddacd8cfbf1d035c0320f7422da1e919a8,0x47f3...19a8,3642.01,29.99,61.83,20.41,131,251,1,3613.77,shark,2026-05-19T10:11:08.550887+00:00,2025-08-19T19:17:25.674000+00:00,Shark; Bullish; Large Gain; Breakeven; Swinger; Aggr. Low-Freq,no,below 500 closed positions; below 80% win rate; drawdown >= 15%
309,4,9,0x3cc1ff35f6acef01e406f2a992cb3851923237ef,0x3cc1...37ef,3609.99,8.66,28.85,35.21,52,65,1,62421.12,shark,2026-05-19T09:43:53.471917+00:00,2026-03-25T18:37:01.460876+00:00,Shark; Bullish; Small Gain; Volatile Profit; Swinger; Aggr. Low-Freq,no,below 500 closed positions; below 80% win rate; drawdown >= 15%
310,4,10,0x0252f92ee3f4430ac419fc3e9ae31df718990842,0x0252...0842,3596.47,3.84,38.92,100,2631,5151,1,59295.34,shark,2026-05-19T09:41:36.419098+00:00,2026-03-05T22:14:07.013000+00:00,Shark; Bullish; Large Gain; Breakeven; Scalper; Cons. Hi-Freq,no,below 80% win rate; drawdown >= 15%
311,4,11,0xab18913e732754d2977348f2c824f6bc32b216e4,0xab18...16e4,3549.25,4.66,31,7.15,1016,2000,0,2678,shark,2026-05-19T10:11:10.247341+00:00,2026-03-07T06:33:02.391025+00:00,Shark; Bullish; Mid Gain; Breakeven; Scalper; Cons. Hi-Freq,no,below 80% win rate
312,4,12,0x169808b1a452278b05f1dd285e86a6df03c8f931,0x1698...f931,3514.25,4.9,41.2,100,1891,3832,50,72232.05,shark,2026-05-19T09:42:08.282591+00:00,2026-01-26T08:05:37.717000+00:00,Shark; Bullish; Small Gain; Breakeven; Scalper; Cons. Hi-Freq,no,below 80% win rate; drawdown >= 15%
313,4,13,0xc4cef800da2ebff8b95d510d90d219cace41105e,0xc4ce...105e,3503.13,15.23,76.09,0.25,46,99,1,3513.47,shark,2026-05-19T10:11:09.422964+00:00,2025-06-02T18:28:10.983000+00:00,Shark; Bullish; Small Gain; Breakeven; Long-term; Aggr. Low-Freq,no,below 500 closed positions; below 80% win rate
314,4,14,0x9a87d3e0b194459003cdf091ed26a9e1df6fce14,0x9a87...ce14,3494.69,23.49,54.29,23.51,35,150,0,21276.03,shark,2026-03-17T13:42:56.832421+00:00,2026-03-12T09:56:04.507817+00:00,Shark; Neutral; Mid Gain; Breakeven; Swinger; Aggr. Low-Freq,no,below 500 closed positions; below 80% win rate; drawdown >= 15%
315,4,15,0xf7f97e0b45c230d209d0a721414ff7abfcacae80,0xf7f9...ae80,3494.6,3.46,15.57,0.44,1259,2000,0,0,shark,2026-05-14T20:56:34.650838+00:00,2026-01-30T08:13:46.654000+00:00,Whale; Neutral; Mid Gain; Breakeven; Scalper; Cons. Hi-Freq,no,below 80% win rate
316,4,16,0xcaad4d591698eefe4c12ecce152f4cb75f930ef4,0xcaad...0ef4,3488.12,22.24,21.35,24.05,1007,2000,1,987.7,shark,2026-05-11T05:15:03.288762+00:00,2026-01-31T23:20:03.523000+00:00,Shark; Neutral; Small Gain; Breakeven; Short-term; Cons. Hi-Freq,no,below 80% win rate; drawdown >= 15%
317,4,17,0x67578998bc635295c665d80901beb03c2ba2d40a,0x6757...d40a,3336.26,10.32,72.35,100,405,956,0,32743.45,shark,2026-05-19T09:48:23.840231+00:00,2026-03-09T15:35:06.570007+00:00,Shark; Bullish; Small Gain; Breakeven; Long-term; Aggr. Low-Freq,no,below 500 closed positions; below 80% win rate; drawdown >= 15%
318,4,18,0x2b7cfe71d9d2ba38455e1f4bee0f099940dfc24f,0x2b7c...c24f,3301.66,12.73,43.48,58.91,69,156,1,19342.14,shark,2026-05-19T09:56:50.836335+00:00,2026-03-12T01:41:04.399266+00:00,Shark; Bullish; Large Gain; Volatile Profit; Swinger; Aggr. Low-Freq,no,below 500 closed positions; below 80% win rate; drawdown >= 15%
319,4,19,0x4999f2fd5eee72213fb3347f67ec784655e2d2be,0x4999...d2be,3084.41,5.45,53.76,100,798,1930,0,7090.11,shark,2026-05-19T10:08:41.103758+00:00,2026-02-13T19:10:28.895000+00:00,Shark; Bullish; Large Gain; Breakeven; Scalper; Cons. Hi-Freq,no,below 80% win rate; drawdown >= 15%
320,4,20,0xa60730aa13df2d4c9e0bdaacc66cd3a62af39a69,0xa607...9a69,3080,23.04,38.82,47.15,85,144,3,10156.47,shark,2026-05-19T10:04:27.918615+00:00,2026-03-07T08:02:06.789001+00:00,Shark; Bullish; Large Gain; Breakeven; Long-term; Aggr. Low-Freq,no,below 500 closed positions; below 80% win rate; drawdown >= 15%
321,4,21,0x51b37e0eb470f50fb8faa41bef86a129f879ca9c,0x51b3...ca9c,3020.6,27.21,86.08,8.47,79,214,4,15388.59,shark,2026-05-19T10:00:13.377511+00:00,2024-05-23T01:34:52.524000+00:00,Shark; Bearish; Large Gain; Sustained Profit; Short-term; Asymmetric Pro,no,below 500 closed positions
322,4,22,0x0819206af80edc0dbb5f5945dbe4e1e855b0c1d5,0x0819...c1d5,2941.3,126.65,50.57,76.91,441,797,1,1518.34,shark,2026-05-13T15:39:43.641876+00:00,2025-11-04T22:18:54.249000+00:00,Shrimp; Bullish; Large Gain; Breakeven; Short-term; Cons. Hi-Freq,no,below 500 closed positions; below 80% win rate; drawdown >= 15%
323,4,23,0xba22e02180cdcc5307ba3873c21bc8f0de222290,0xba22...2290,2802.53,11.72,59.53,19.8,687,2000,50,21565.69,shark,2026-05-19T09:53:43.448103+00:00,2026-03-07T08:26:04.107307+00:00,Shark; Neutral; Large Gain; Sustained Profit; Scalper; Cons. Hi-Freq,no,below 80% win rate; drawdown >= 15%
324,4,24,0xcd8253f8d96ffd90c3c0a8cea2e02e9fbc211c31,0xcd82...1c31,2782.71,4.98,66.93,100,1025,2000,0,48452.56,shark,2026-05-19T09:45:18.699738+00:00,2026-03-09T18:40:03.754446+00:00,Shark; Bullish; Large Gain; Sustained Profit; Scalper; Cons. Hi-Freq,no,below 80% win rate; drawdown >= 15%
325,4,25,0x8734d65fb58dfacbd90da07e572dd681a0fad568,0x8734...d568,2782.27,20.12,37.78,30.03,90,170,3,6203.94,shark,2026-05-19T10:09:40.632630+00:00,2026-03-07T08:02:03.806877+00:00,Shark; Bullish; Large Gain; Breakeven; Long-term; Aggr. Low-Freq,no,below 500 closed positions; below 80% win rate; drawdown >= 15%
326,4,26,0x84208f7381cc6fca14028e4fadcc313af5ccc23d,0x8420...c23d,2774.37,25.37,44.44,100,72,162,0,22204.29,shark,2026-05-08T07:42:24.139603+00:00,2025-12-05T07:06:47.004000+00:00,Shark; Bullish; Mid Gain; Breakeven; Swinger; Aggr. Low-Freq,no,below 500 closed positions; below 80% win rate; drawdown >= 15%
327,4,27,0x4378fc614cf9e864116999933b058a9e176929de,0x4378...29de,2763.12,23.58,83.33,14.99,18,42,0,9875.23,shark,2026-05-19T10:05:18.308030+00:00,2026-03-09T08:34:05.412609+00:00,Shark; Bullish; Mid Gain; Volatile Profit; Long-term; Aggr. Low-Freq,no,below 500 closed positions
328,4,28,0xd2a44ab2acb46d4d9f1b8645bbe445be615639a2,0xd2a4...39a2,2706.84,16.27,66.67,72.38,6,6,0,0,shark,2026-05-19T10:17:27.044724+00:00,2025-09-07T15:15:33.394000+00:00,Shark; Bullish; Large Gain; Volatile Profit; Swinger; Aggr. Low-Freq,no,below 500 closed positions; below 80% win rate; drawdown >= 15%
329,4,29,0x942d0d8104dbb2bc1eda12a21380859a9182089d,0x942d...089d,2697.44,10.86,87.63,10.98,186,652,1,12082.3,shark,2026-04-26T09:24:47.650057+00:00,2026-04-14T14:30:26.045000+00:00,Shark; Bullish; Large Gain; Sustained Profit; Scalper; Cons. Hi-Freq,no,below 500 closed positions
330,4,30,0x74d04261a56a5bbfd4c644d94020ae75bc8f548e,0x74d0...548e,2527.43,2.88,37.51,93.24,1021,2156,1,31679.38,shark,2026-05-18T22:14:01.854708+00:00,2025-12-06T21:26:00.011000+00:00,Shark; Bullish; Mid Gain; Breakeven; Scalper; Cons. Hi-Freq,no,below 80% win rate; drawdown >= 15%
331,4,31,0x14fdad7329f3868d6daee16d8d2c6da3e4bb8133,0x14fd...8133,2451.9,2.5,76.44,14.94,730,2000,1,3569.99,shark,2026-05-18T16:18:24.350457+00:00,2026-03-09T13:48:03.305103+00:00,Shark; Bullish; Mid Gain; Sustained Profit; Scalper; Cons. Hi-Freq,no,below 80% win rate
332,4,32,0x63dd7b18b467979611d8459f60934c650ffd42aa,0x63dd...42aa,2409.86,4.32,66.67,100,51,196,0,50037.91,shark,2026-05-19T09:45:08.144647+00:00,2026-03-10T15:10:02.248338+00:00,Shark; Bullish; Mid Gain; Volatile Profit; Swinger; Aggr. Low-Freq,no,below 500 closed positions; below 80% win rate; drawdown >= 15%
333,4,33,0x1e2fce2e2a821c254fc4e53b373586af07ed0008,0x1e2f...0008,2406.91,15.38,29.11,1.58,560,2000,0,9882.58,shark,2026-05-15T00:50:11.170439+00:00,2026-02-25T10:39:57.388000+00:00,Shark; Bullish; Large Gain; Breakeven; Scalper; Cons. Hi-Freq,no,below 80% win rate
334,4,34,0xdc85a2efe7980719840af041565645ace927cf00,0xdc85...cf00,2368.06,21.98,59.09,76.52,22,74,5,11887.61,shark,2026-05-19T10:01:45.708623+00:00,2026-03-08T16:48:04.962747+00:00,Shark; Bullish; Large Gain; Volatile Profit; Swinger; Aggr. Low-Freq,no,below 500 closed positions; below 80% win rate; drawdown >= 15%
335,4,35,0x61072c535710e89637c52ae633e0f9967e8cce51,0x6107...ce51,2324.58,8.13,57.25,2.98,690,2000,50,27056.21,shark,2026-05-19T09:50:16.693667+00:00,2026-03-07T08:18:05.803394+00:00,Shark; Neutral; Mid Gain; Sustained Profit; Scalper; Cons. Hi-Freq,no,below 80% win rate
336,4,36,0x09924906af716f2b61af0322258574b6b7203270,0x0992...3270,2281.91,17.17,34.43,9.55,761,2000,3,17264.18,shark,2026-05-19T09:57:51.163754+00:00,2026-02-27T05:29:32.774000+00:00,Shark; Bullish; Large Gain; Breakeven; Scalper; Cons. Hi-Freq,no,below 80% win rate
337,4,37,0xf9d28a0379b499b156879a9bd35e9794d211b2b9,0xf9d2...b2b9,2272.88,22.11,33.98,31.44,465,973,7,11603.64,shark,2026-05-19T10:02:13.578662+00:00,2026-01-23T07:41:55.652000+00:00,Shark; Bullish; Large Gain; Breakeven; Scalper; Cons. Hi-Freq,no,below 500 closed positions; below 80% win rate; drawdown >= 15%
338,4,38,0x8cf120f68a0c32c320c01819e30e600109eaa1e7,0x8cf1...a1e7,2250.17,1,68.57,12.75,1088,2000,1,281836.45,whale_mid,2026-05-19T10:29:58.441718+00:00,2026-03-07T00:47:10.743885+00:00,Whale; Bullish; Small Gain; Sustained Profit; Scalper; Cons. Hi-Freq,no,below 80% win rate
339,4,39,0xd28b8c38aecbb8a5565e9cb29236c509b772a999,0xd28b...a999,2248.51,10.94,37.07,46.15,116,200,1,6428.5,shark,2026-05-19T10:09:34.371764+00:00,2026-03-07T12:17:03.700277+00:00,Shark; Bullish; Mid Gain; Volatile Profit; Swinger; Aggr. Low-Freq,no,below 500 closed positions; below 80% win rate; drawdown >= 15%
340,4,40,0xd48ddb21393f8fe7fe706422255503be161f2074,0xd48d...2074,2202.99,3.07,0,8.12,11,502,7,407573.84,whale_mid,2026-05-19T10:29:41.384434+00:00,2026-01-20T01:47:26.772000+00:00,Shark; Neutral; Mid Gain; Breakeven; Short-term; Cons. Hi-Freq,no,below 500 closed positions; below 80% win rate
341,4,41,0x30211240f83205938a9f56eee4c01e722b17127c,0x3021...127c,2190.78,21.14,41.38,100,58,153,1,3570.65,shark,2026-05-19T10:11:10.146403+00:00,2026-03-10T15:19:04.665143+00:00,Shark; Neutral; Mid Gain; Breakeven; Long-term; Aggr. Low-Freq,no,below 500 closed positions; below 80% win rate; drawdown >= 15%
342,4,42,0x4d0913e1b63b60017ca27abadf9a573104de861f,0x4d09...861f,2185.11,10.48,33.65,100,104,213,0,7707.1,shark,2026-05-19T10:08:06.968149+00:00,2026-03-09T14:06:02.453782+00:00,Shark; Bullish; Small Gain; Breakeven; Swinger; Aggr. Low-Freq,no,below 500 closed positions; below 80% win rate; drawdown >= 15%
343,4,43,0xe2ba769d1b01a6fcc5b83ebf0369cef84331c50c,0xe2ba...c50c,2166.38,18.77,58.11,100,697,2000,50,10057.94,shark,2026-05-19T10:04:39.802843+00:00,2026-03-07T08:23:08.499911+00:00,Shark; Neutral; Large Gain; Sustained Profit; Scalper; Cons. Hi-Freq,no,below 80% win rate; drawdown >= 15%
344,4,44,0xf6aafa66310c6a82a760e65c2b3d745eda5a50f7,0xf6aa...50f7,2143.01,6.82,50.57,100,961,2000,1,50855.24,shark,2026-05-19T09:45:00.647272+00:00,2026-03-07T03:00:02.909888+00:00,Shark; Bullish; Mid Gain; Breakeven; Scalper; Cons. Hi-Freq,no,below 80% win rate; drawdown >= 15%
345,4,45,0x529e68b3ca732d8a0ef4484eff601d8736094577,0x529e...4577,2056.19,11.26,57.37,4,685,2000,50,16927.15,shark,2026-05-19T09:58:12.388948+00:00,2026-03-07T08:23:04.750474+00:00,Shark; Neutral; Large Gain; Sustained Profit; Scalper; Cons. Hi-Freq,no,below 80% win rate
346,4,46,0xc0116352469870b2101c0db11736365c138c875d,0xc011...875d,1989.7,7.31,19.54,95.49,348,1114,1,21155.39,shark,2026-04-03T16:10:24.960763+00:00,2025-09-05T09:03:40.055000+00:00,Shark; Bearish; Large Gain; Breakeven; Short-term; Cons. Hi-Freq,no,below 500 closed positions; below 80% win rate; drawdown >= 15%
347,4,47,0x536d3bbdcf724a8d275331d637ec5fabff20cb01,0x536d...cb01,1944.8,18.49,58.88,26.83,676,2000,50,8999.27,shark,2026-05-19T10:06:18.269765+00:00,2026-03-07T08:28:05.015143+00:00,Shark; Neutral; Large Gain; Sustained Profit; Scalper; Cons. Hi-Freq,no,below 80% win rate; drawdown >= 15%
348,4,48,0x3d4873fad12d29ac2bef7d9953c72d8c3310deae,0x3d48...deae,1885.39,2.92,83.01,14.14,259,1422,1,60533.51,shark,2026-05-19T09:44:05.010232+00:00,2026-03-07T15:44:03.600481+00:00,Shark; Bullish; Mid Gain; Sustained Profit; Scalper; Cons. Hi-Freq,no,below 500 closed positions
349,4,49,0x0450a946a93cf6f81fd72f1e85e16a8826bc9c4d,0x0450...9c4d,1853.8,4.74,35.24,100,803,1928,6,35944.6,shark,2026-05-19T09:47:58.107200+00:00,2026-03-07T23:31:14.191141+00:00,Shark; Bearish; Mid Gain; Breakeven; Short-term; Cons. Hi-Freq,no,below 80% win rate; drawdown >= 15%
350,4,50,0x59fd165b93300f7da94b38296acaada620b877d5,0x59fd...77d5,1840.37,0.35,61.28,10.87,860,2000,129,352263.37,whale_mid,2026-05-19T10:29:50.098607+00:00,2026-03-07T00:46:06.262785+00:00,Mega Whale; Bullish; Small Gain; Sustained Profit; Scalper; Cons. Hi-Freq,no,below 80% win rate
351,4,51,0x6d79dc0730736e1d3c6e989f8e038618f9c77e0e,0x6d79...7e0e,1835.24,13.2,56.22,6.22,715,2000,50,12688.58,shark,2026-05-19T10:01:30.596606+00:00,2026-03-07T08:15:05.865484+00:00,Shark; Neutral; Mid Gain; Sustained Profit; Scalper; Cons. Hi-Freq,no,below 80% win rate
352,4,52,0x5f1a744a42b1238ff10a0ad68f25b376328b979a,0x5f1a...979a,1807.14,3.6,94.44,4.37,18,20,0,0,shark,2026-05-19T10:17:21.090957+00:00,2026-03-06T07:49:00.765000+00:00,Shark; Bullish; Small Gain; Volatile Profit; Swinger; Aggr. Low-Freq,no,below 500 closed positions
353,4,53,0x44470e5768613f9e5bd205f68bf61b94f80f9741,0x4447...9741,1769.1,1.88,85.71,62.37,70,151,9,32542.68,shark,2026-05-19T09:48:10.481296+00:00,2025-09-09T17:37:24.072000+00:00,Shark; Neutral; Small Gain; Volatile Profit; Swinger; Aggr. Low-Freq,no,below 500 closed positions; drawdown >= 15%
354,4,54,0x3fcaf2aeab98e4b72729e0a4a06006b2fe403512,0x3fca...3512,1768.41,1.95,35.94,36.62,64,393,1,147812.8,whale_mid,2026-05-19T10:31:13.832862+00:00,2025-09-29T08:34:04.142000+00:00,Shark; Bearish; Small Gain; Breakeven; Short-term; Cons. Hi-Freq,no,below 500 closed positions; below 80% win rate; drawdown >= 15%
355,4,55,0xaa6a56d6e65502014b5a8e046cc4bf82f96679d5,0xaa6a...79d5,1723.53,6.02,60,78.42,70,222,1,32961.15,shark,2026-05-19T09:48:54.898990+00:00,2026-03-08T11:35:08.263986+00:00,Shark; Bearish; Mid Gain; Volatile Profit; Swinger; Aggr. Low-Freq,no,below 500 closed positions; below 80% win rate; drawdown >= 15%
356,4,56,0x5d3dcf856b1b2c7be48598030a95f2f5fa96021f,0x5d3d...021f,1713.44,13.36,59.18,100,49,90,1,10905.27,shark,2026-05-19T10:03:07.710161+00:00,2026-03-10T16:00:07.084146+00:00,Shark; Bullish; Large Gain; Breakeven; Long-term; Aggr. Low-Freq,no,below 500 closed positions; below 80% win rate; drawdown >= 15%
357,4,57,0x407c578cc7c27d8df36633cd0a2531c14aa1ccd5,0x407c...ccd5,1692.25,3.06,48.75,80.47,642,1142,0,67245.19,shark,2026-05-19T09:43:16.228418+00:00,2025-11-24T03:06:51.917000+00:00,Shark; Neutral; Small Gain; Volatile Profit; Swinger; Aggr. Low-Freq,no,below 80% win rate; drawdown >= 15%
358,4,58,0x7a65a203e1405521cc5729034d24e3c65eccdd0c,0x7a65...dd0c,1660.76,11.68,59.26,85.79,27,27,0,0.01,shark,2026-05-19T10:14:59.499105+00:00,2025-07-14T14:08:02.307000+00:00,Shark; Neutral; Small Gain; Volatile Profit; Long-term; Aggr. Low-Freq,no,below 500 closed positions; below 80% win rate; drawdown >= 15%
359,4,59,0xbeaa0a653c0d44b0aad06611ee14debf2d6b44be,0xbeaa...44be,1648.5,9.85,54.29,46.18,35,67,1,11.17,shark,2026-05-11T18:05:16.294612+00:00,2026-03-09T05:33:03.689150+00:00,Shark; Bullish; Mid Gain; Volatile Profit; Swinger; Aggr. Low-Freq,no,below 500 closed positions; below 80% win rate; drawdown >= 15%
360,4,60,0x2df97ce83d8aca7f7c13e3fe2420233153737700,0x2df9...7700,1639.8,10.11,35.29,11.07,17,52,0,0,shark,2026-05-19T10:17:26.346474+00:00,2026-03-08T15:57:04.266475+00:00,Shark; Bullish; Small Gain; Breakeven; Long-term; Aggr. Low-Freq,no,below 500 closed positions; below 80% win rate
361,4,61,0xde50e53ee0d80df2a1a76701df4a145020b9bf5f,0xde50...bf5f,1630.25,7.66,59.12,100,724,2000,50,20781.24,shark,2026-05-19T09:54:20.218470+00:00,2026-03-07T08:14:07.155788+00:00,Shark; Bullish; Mid Gain; Sustained Profit; Scalper; Cons. Hi-Freq,no,below 80% win rate; drawdown >= 15%
362,4,62,0xdb7cc6edcad37adbe3149948b17bf4b492a16a38,0xdb7c...6a38,1607.53,9.74,87.5,8.54,40,56,27,15511.41,shark,2026-05-19T09:59:31.635649+00:00,2025-05-22T12:34:10.240000+00:00,Shark; Bullish; Small Gain; Volatile Profit; Long-term; Aggr. Low-Freq,no,below 500 closed positions
363,4,63,0xaba62db6faae8644c8107ff459d18df3561321a6,0xaba6...21a6,1564.44,11.82,92.11,26.22,38,69,3,1338.61,shark,2026-05-19T10:13:31.161025+00:00,2026-03-20T23:39:27.625000+00:00,Shark; Bullish; Large Gain; Volatile Profit; Swinger; Aggr. Low-Freq,no,below 500 closed positions; drawdown >= 15%
364,4,64,0x7439c5dcc169b2f4ff8484ddc0f5cbad27297b96,0x7439...7b96,1553,10.05,40.74,32.04,27,67,0,18385.05,shark,2026-05-19T09:57:26.447797+00:00,2024-12-31T18:54:01.566000+00:00,Shark; Bullish; Small Gain; Breakeven; Swinger; Aggr. Low-Freq,no,below 500 closed positions; below 80% win rate; drawdown >= 15%
365,4,65,0xfa7de7bece07d211cd5a17fe633978c270252a8f,0xfa7d...2a8f,1535.47,6.92,31.24,0,1069,1878,0,4862.39,shark,2026-05-05T12:45:40.157873+00:00,2026-04-19T11:11:07.983000+00:00,Shark; Bullish; Mid Gain; Breakeven; Scalper; Cons. Hi-Freq,no,below 80% win rate
366,4,66,0xd5a03a5d3d5ed2b11be9a378c65b82d222ba1f44,0xd5a0...1f44,1532.13,12.95,62.26,0,53,109,0,11833.8,shark,2026-05-19T10:02:04.664659+00:00,2026-01-29T03:07:45.976000+00:00,Shark; Bullish; Large Gain; Volatile Profit; Swinger; Aggr. Low-Freq,no,below 500 closed positions; below 80% win rate
367,4,67,0x3dfdf27d825193eddf63aae7ba4cc9566ade28e3,0x3dfd...28e3,1531.63,12.25,91.04,12.45,67,1152,0,19732.57,shark,2026-05-19T09:56:31.399045+00:00,2026-04-15T03:58:00.388000+00:00,Shark; Neutral; Large Gain; Sustained Profit; Scalper; Cons. Hi-Freq,no,below 500 closed positions
368,4,68,0xee162a5a60829bd346f0c1ac3514b21fe5f4b290,0xee16...b290,1520.11,0.04,31.36,0.01,1065,2000,3,50085.01,shark,2026-05-19T09:45:01.114777+00:00,2026-03-06T21:42:31.589694+00:00,Mega Whale; Bullish; Small Gain; Breakeven; Scalper; Cons. Hi-Freq,no,below 80% win rate
369,4,69,0x629dc202b7e5fb16461a45d8377e694cd8e84653,0x629d...4653,1469.09,12.13,33.33,78.49,42,109,1,1599.34,shark,2026-04-01T05:26:26.031967+00:00,2026-03-10T12:17:03.247200+00:00,Shark; Bullish; Mid Gain; Breakeven; Long-term; Aggr. Low-Freq,no,below 500 closed positions; below 80% win rate; drawdown >= 15%
370,4,70,0x818c34b90eccc4eeef74c719c815da3ed07b4f10,0x818c...4f10,1456.11,1.99,49.29,100,773,1612,1,43710.96,shark,2026-05-19T09:46:18.523087+00:00,2025-12-01T12:46:38.694000+00:00,Shark; Bullish; Large Gain; Breakeven; Scalper; Cons. Hi-Freq,no,below 80% win rate; drawdown >= 15%
371,4,71,0xdd594463a4a809eb8bdb0f15b060aa38573f6a14,0xdd59...6a14,1433.93,7.01,94.29,6.26,385,942,36,21567.1,shark,2026-05-19T09:53:43.555721+00:00,2026-03-07T06:54:09.885497+00:00,Shark; Bullish; Mid Gain; Sustained Profit; Short-term; Cons. Hi-Freq,no,below 500 closed positions
372,4,72,0x297e54e08d0647de0e3c85bbf3423248c9f76d77,0x297e...6d77,1418.42,7.75,76.92,15.44,78,212,2,18620.46,shark,2026-05-19T09:57:18.815513+00:00,2025-12-01T00:57:01.436000+00:00,Shark; Bearish; Small Gain; Volatile Profit; Long-term; Aggr. Low-Freq,no,below 500 closed positions; below 80% win rate; drawdown >= 15%
373,4,73,0xe98b6b0575b376ce1a45abb33b9fba1d7ea3b194,0xe98b...b194,1388.69,1.69,42.41,9.32,1344,3012,0,35099.78,shark,2026-05-19T09:48:00.242597+00:00,2025-09-25T04:18:32.700000+00:00,Shark; Bullish; Small Gain; Breakeven; Scalper; Cons. Hi-Freq,no,below 80% win rate
374,4,74,0x0c5753b7f5cecd9cde90998f174850e227fe367d,0x0c57...367d,1387.9,7.64,61.11,100,36,70,0,17168.9,shark,2026-04-30T15:19:36.463691+00:00,2026-03-10T14:39:03.898918+00:00,Shark; Bullish; Mid Gain; Volatile Profit; Swinger; Aggr. Low-Freq,no,below 500 closed positions; below 80% win rate; drawdown >= 15%
375,4,75,0xe36a01fb4e99646c3e2558a89cdcfab922075131,0xe36a...5131,1384.77,10.48,53.59,19.55,683,2000,49,12253.56,shark,2026-05-19T10:01:42.660669+00:00,2026-03-07T08:22:07.059083+00:00,Shark; Neutral; Large Gain; Sustained Profit; Scalper; Cons. Hi-Freq,no,below 80% win rate; drawdown >= 15%
376,4,76,0x36a6d1b7c526ed0cf0d7693a47807b559d13ace9,0x36a6...ace9,1370.97,11.08,58.7,100,724,2000,47,254.77,shark,2026-05-19T10:14:22.907806+00:00,2026-03-07T08:13:06.313073+00:00,Shark; Bullish; Large Gain; Sustained Profit; Scalper; Cons. Hi-Freq,no,below 80% win rate; drawdown >= 15%
377,4,77,0xe88a203d722e506648a7e9482de68ec9c58249e0,0xe88a...49e0,1358.24,3.41,29.58,100,240,1129,0,0,shark,2026-05-19T10:17:18.491369+00:00,2026-03-09T18:06:03.468526+00:00,Shark; Bullish; Mid Gain; Breakeven; Short-term; Cons. Hi-Freq,no,below 500 closed positions; below 80% win rate; drawdown >= 15%
378,4,78,0x7e5ce10826ee167de897d262fcc9976f609ecd2b,0x7e5c...cd2b,1337.95,9.56,59.14,100,93,284,1,19987.64,shark,2026-05-19T09:56:06.528405+00:00,2026-03-08T11:26:03.750046+00:00,Shark; Bullish; Mid Gain; Volatile Profit; Long-term; Aggr. Low-Freq,no,below 500 closed positions; below 80% win rate; drawdown >= 15%
379,4,79,0xbe2bfb443511e36cb86feccf47fa1acf3f371f43,0xbe2b...1f43,1298.07,4.47,50.84,100,299,670,1,28647.47,shark,2026-05-19T09:49:50.712204+00:00,2026-03-08T16:46:05.109868+00:00,Shark; Neutral; Small Gain; Breakeven; Long-term; Aggr. Low-Freq,no,below 500 closed positions; below 80% win rate; drawdown >= 15%
380,4,80,0x8eaf20f6718bb762aff28a0fdb5615b2be58bb82,0x8eaf...bb82,1297.49,10.95,22.91,36.16,406,826,0,8069.67,shark,2026-04-12T03:57:14.107116+00:00,2025-12-25T10:14:01.644000+00:00,Shark; Bullish; Large Gain; Breakeven; Short-term; Cons. Hi-Freq,no,below 500 closed positions; below 80% win rate; drawdown >= 15%
381,4,81,0x108080b8d99c8b120b75d1736290678951917ee2,0x1080...7ee2,1287.2,5.07,56.24,8.87,697,2000,50,24781.56,shark,2026-05-19T09:51:33.323065+00:00,2026-03-07T08:24:06.515579+00:00,Shark; Bullish; Mid Gain; Sustained Profit; Scalper; Cons. Hi-Freq,no,below 80% win rate
382,4,82,0x2bf6a1248a698e6b60ac5ef8c4e1a78a95e183b8,0x2bf6...83b8,1284.79,1.64,52.78,33.07,36,37,1,2.38,shark,2026-05-19T10:14:45.246649+00:00,2025-11-06T12:19:02.706000+00:00,Shark; Bullish; Small Gain; Volatile Profit; Swinger; Aggr. Low-Freq,no,below 500 closed positions; below 80% win rate; drawdown >= 15%
383,4,83,0xd89899261954c8c4f1fe85162a1c133f588f3e7d,0xd898...3e7d,1274.67,11.36,82.11,8.81,95,322,1,12449.28,shark,2026-05-19T10:01:33.767739+00:00,2026-03-07T13:54:03.583711+00:00,Shark; Neutral; Large Gain; Sustained Profit; Short-term; Cons. Hi-Freq,no,below 500 closed positions
384,4,84,0x485a6d82d10fb89866f815cb37dc6ca3c33b2156,0x485a...2156,1254.47,10.04,53,100,700,2000,49,11551.46,shark,2026-05-19T10:02:13.917180+00:00,2026-03-07T08:18:06.593195+00:00,Shark; Neutral; Large Gain; Sustained Profit; Scalper; Cons. Hi-Freq,no,below 80% win rate; drawdown >= 15%
385,4,85,0xb5714d5ed496d5a7564c821f7127ce1a77fa75f8,0xb571...75f8,1250.39,2.03,80.13,14.26,921,2000,0,100,shark,2026-05-19T10:14:32.344965+00:00,2026-03-07T06:26:04.433952+00:00,Shrimp; Bullish; Mid Gain; Sustained Profit; Scalper; Cons. Hi-Freq,yes,passes current first-pass stats filter
386,4,86,0xfc8ad1a7bcc3ead259450976463924cce95cb357,0xfc8a...b357,1246.01,9.44,68.75,6.54,32,54,1,26224.83,shark,2026-05-19T09:50:21.361878+00:00,2026-03-09T11:57:04.559714+00:00,Shark; Bullish; Mid Gain; Volatile Profit; Long-term; Aggr. Low-Freq,no,below 500 closed positions; below 80% win rate
387,4,87,0xc97a4cbfce5537fafd40e7a0d7b8a9d5e0d19c51,0xc97a...9c51,1243.99,9.5,54.47,100,705,2000,49,12228.06,shark,2026-05-19T10:01:43.224924+00:00,2026-03-07T08:23:08.545153+00:00,Shark; Neutral; Large Gain; Sustained Profit; Scalper; Cons. Hi-Freq,no,below 80% win rate; drawdown >= 15%
388,4,88,0x4b6d234f7976f91b77408c7e1728db1d07bec573,0x4b6d...c573,1224.47,3.16,78.91,24.67,256,561,1,27344.73,shark,2026-05-19T09:50:19.614339+00:00,2026-03-07T19:54:08.535206+00:00,Shark; Bullish; Large Gain; Breakeven; Short-term; Asymmetric Pro,no,below 500 closed positions; below 80% win rate; drawdown >= 15%
389,4,89,0x03d7841b153bc93b429f714be3b625443b780a6b,0x03d7...0a6b,1216.02,9.44,57.84,100,740,2000,50,12743.41,shark,2026-05-19T10:01:23.376019+00:00,2026-03-07T08:19:06.937559+00:00,Shark; Bullish; Mid Gain; Sustained Profit; Scalper; Cons. Hi-Freq,no,below 80% win rate; drawdown >= 15%
390,4,90,0xd152f5277c09abf2d9cd7eff2bce419f280fcc66,0xd152...cc66,1164.36,5.82,93.33,20.33,15,72,0,0.09,shark,2026-05-19T10:14:55.549380+00:00,2025-10-11T07:14:57.159000+00:00,Shark; Bullish; Mid Gain; Breakeven; Swinger; Aggr. Low-Freq,no,below 500 closed positions; drawdown >= 15%
391,4,91,0xbf94486c0de15d8c5333c02cd0a5cddfc81069da,0xbf94...69da,1119.99,4.83,4.41,74.59,68,148,0,23173.1,shark,2026-05-09T05:39:25.568017+00:00,2025-09-10T16:40:38.140000+00:00,Shark; Bullish; Mid Gain; Breakeven; Swinger; Aggr. Low-Freq,no,below 500 closed positions; below 80% win rate; drawdown >= 15%
392,4,92,0x89643b75170ae686b1e18b0dddcf48fdc7e44352,0x8964...4352,1114.7,9.47,54.85,100,722,2000,49,11102.56,shark,2026-05-19T10:02:30.904450+00:00,2026-03-07T08:18:05.155994+00:00,Shark; Bullish; Mid Gain; Sustained Profit; Scalper; Cons. Hi-Freq,no,below 80% win rate; drawdown >= 15%
393,4,93,0xf7c23ee9d0e036147136ec9d0089b00d33d7532d,0xf7c2...532d,1066.21,5.36,65.62,80.04,32,56,1,5319.64,shark,2026-05-12T09:24:37.561824+00:00,2023-12-12T13:58:03.142000+00:00,Shark; Bearish; Small Gain; Volatile Profit; Swinger; Aggr. Low-Freq,no,below 500 closed positions; below 80% win rate; drawdown >= 15%
394,4,94,0xdd53325f2309eab824b4a082495dc8c4f688c8bc,0xdd53...c8bc,1049.96,10.23,57.49,100,748,2000,49,9595.89,shark,2026-05-19T10:05:32.245480+00:00,2026-03-07T08:13:04.321230+00:00,Shark; Neutral; Large Gain; Sustained Profit; Scalper; Cons. Hi-Freq,no,below 80% win rate; drawdown >= 15%
395,4,95,0xddaf39030823529b8cbd4203e2fe4311454e027b,0xddaf...027b,1049.96,4.12,88.68,19.54,53,100,0,24987.84,shark,2026-05-19T09:51:26.821380+00:00,2024-02-09T00:51:33.249000+00:00,Shark; Bullish; Mid Gain; Volatile Profit; Swinger; Aggr. Low-Freq,no,below 500 closed positions; drawdown >= 15%
396,4,96,0xa5b6da3f6f136c069d2465b1e5a2e5e91d03ed39,0xa5b6...ed39,1018.71,9.38,60,89.6,20,48,1,1557.69,shark,2026-05-11T22:38:37.481885+00:00,2026-03-07T02:39:04.573073+00:00,Shark; Neutral; Mid Gain; Volatile Profit; Long-term; Aggr. Low-Freq,no,below 500 closed positions; below 80% win rate; drawdown >= 15%
397,4,97,0x794610c609a26d488e1cd724fc3a011b54442e7d,0x7946...2e7d,995.22,1.34,23.81,15.43,945,2000,0,0,shark,2026-05-19T10:17:28.887737+00:00,2026-02-02T22:07:18.012000+00:00,Shark; Bullish; Small Gain; Breakeven; Scalper; Cons. Hi-Freq,no,below 80% win rate; drawdown >= 15%
398,4,98,0x4d6abb03613034e9ca9c36efe8eaceb9e767f4f7,0x4d6a...f4f7,974.54,6.22,75.17,36.61,145,300,2,9689.27,shark,2026-05-19T10:05:30.589277+00:00,2026-03-08T20:39:01.903277+00:00,Shark; Neutral; Small Gain; Volatile Profit; Swinger; Aggr. Low-Freq,no,below 500 closed positions; below 80% win rate; drawdown >= 15%
399,4,99,0xfcd6307ddfbf75415d40871793461948815b37e0,0xfcd6...37e0,972.56,8.3,65.85,11.66,41,86,0,11719.15,shark,2026-04-09T16:17:15.591428+00:00,2026-01-31T18:06:38.502000+00:00,Shark; Bullish; Large Gain; Breakeven; Swinger; Aggr. Low-Freq,no,below 500 closed positions; below 80% win rate
400,4,100,0x80e3e8b05bd608fcc740063f199a3870a98b90b6,0x80e3...90b6,959.77,8.85,89.23,1.22,65,80,0,10671.35,shark,2026-05-19T10:03:14.616213+00:00,2026-03-09T15:11:03.619953+00:00,Shark; Bullish; Small Gain; Volatile Profit; Long-term; Aggr. Low-Freq,no,below 500 closed positions
401,5,1,0xc6cdef7a1b062e0f02f8d287417ef5b49e42143a,0xc6cd...143a,954.12,7.49,56.37,100,706,2000,50,12448,shark,2026-05-19T10:01:33.518444+00:00,2026-03-07T08:23:08.518474+00:00,Shark; Bullish; Mid Gain; Sustained Profit; Scalper; Cons. Hi-Freq,no,below 80% win rate; drawdown >= 15%
402,5,2,0xc92e9f80d4edc019000ba621d7090e5975da11fe,0xc92e...11fe,929.74,3.42,53.52,100,71,336,0,390.86,shark,2026-05-15T13:01:12.907019+00:00,2026-03-08T05:03:05.010655+00:00,Shark; Bullish; Small Gain; Volatile Profit; Long-term; Aggr. Low-Freq,no,below 500 closed positions; below 80% win rate; drawdown >= 15%
403,5,3,0x3f21268a700c05a851c266b5b260363eece72fab,0x3f21...2fab,928.89,3.26,35,23.2,20,78,1,27059.78,shark,2026-05-19T09:50:10.639851+00:00,2026-03-27T10:38:45.488000+00:00,Shark; Bullish; Mid Gain; Breakeven; Swinger; Aggr. Low-Freq,no,below 500 closed positions; below 80% win rate; drawdown >= 15%
404,5,4,0xc1b753d49f852d7207611b45f954f8c75ec7ecf0,0xc1b7...ecf0,926.95,4.24,33.59,68.8,387,800,8,23267.54,shark,2026-05-19T09:52:52.226064+00:00,2025-10-01T21:44:19.368000+00:00,Shark; Bullish; Mid Gain; Breakeven; Short-term; Cons. Hi-Freq,no,below 500 closed positions; below 80% win rate; drawdown >= 15%
405,5,5,0xd2a7d0c8cd4d84b47067051a17c0ddcbae56b76b,0xd2a7...b76b,922.82,4.48,55.59,100,680,2000,50,20158.07,shark,2026-05-19T09:55:38.871640+00:00,2026-03-07T08:23:03.892490+00:00,Shark; Bullish; Mid Gain; Sustained Profit; Scalper; Cons. Hi-Freq,no,below 80% win rate; drawdown >= 15%
406,5,6,0x984d622f98e0d423eed96a873b1c545eb934f1a1,0x984d...f1a1,906.25,2.26,53.24,100,648,2000,1,43060.4,shark,2026-05-19T09:46:19.643232+00:00,2026-03-09T00:55:07.645764+00:00,Shark; Neutral; Large Gain; Breakeven; Short-term; Cons. Hi-Freq,no,below 80% win rate; drawdown >= 15%
407,5,7,0x412637a217ac400a5b838b4165bfe168241312dd,0x4126...12dd,886.77,3.7,59.08,8.25,369,917,1,22755.14,shark,2026-04-22T10:38:59.812799+00:00,2026-04-14T05:44:02.310000+00:00,Shark; Bullish; Mid Gain; Sustained Profit; Scalper; Cons. Hi-Freq,no,below 500 closed positions; below 80% win rate
408,5,8,0xc08ee170ef8d8d60af9673eb5218a49809c15c78,0xc08e...5c78,853.15,8.27,51.7,38.89,501,1146,0,993.24,shark,2026-05-06T15:27:02.399810+00:00,2025-12-06T20:04:21.379000+00:00,Shark; Bullish; Small Gain; Breakeven; Scalper; Cons. Hi-Freq,no,below 80% win rate; drawdown >= 15%
409,5,9,0xa9207486f304eb4a99b27e65bf3b04a0695221ac,0xa920...21ac,846.11,2.68,65.82,32.79,79,145,1,34257.37,shark,2026-05-19T09:48:10.739934+00:00,2026-03-10T14:58:03.593850+00:00,Shark; Bullish; Small Gain; Volatile Profit; Long-term; Aggr. Low-Freq,no,below 500 closed positions; below 80% win rate; drawdown >= 15%
410,5,10,0x4c091046ea580c159c9e1df40b35bc77490ed638,0x4c09...d638,819.6,7.52,60.2,100,706,2000,50,10723.96,shark,2026-05-19T10:03:11.350755+00:00,2026-03-07T08:16:05.093986+00:00,Shark; Bullish; Mid Gain; Sustained Profit; Scalper; Cons. Hi-Freq,no,below 80% win rate; drawdown >= 15%
411,5,11,0x8338fc94eb3a59a9df2c99bcd061e5a96094c803,0x8338...c803,811.8,4.06,56.96,100,79,139,2,13708.19,shark,2026-05-19T10:00:58.620269+00:00,2025-09-13T05:43:15.240000+00:00,Shark; Neutral; Mid Gain; Volatile Profit; Swinger; Aggr. Low-Freq,no,below 500 closed positions; below 80% win rate; drawdown >= 15%
412,5,12,0xd98485df054267ae414be3532ef0b42fffc622e6,0xd984...22e6,808.37,4.3,46.15,38.44,13,22,1,9206.92,shark,2026-05-03T21:36:27.581564+00:00,2024-11-17T13:29:33.629000+00:00,Shark; Bullish; Mid Gain; Volatile Profit; Swinger; Aggr. Low-Freq,no,below 500 closed positions; below 80% win rate; drawdown >= 15%
413,5,13,0x0c6d1b0d5dd5674c96c67fbd43fa550425327f1a,0x0c6d...7f1a,800.42,3.19,31.05,100,1211,2000,2,14225.23,shark,2026-05-19T10:00:46.282322+00:00,2026-03-08T21:30:05.854322+00:00,Shark; Bullish; Large Gain; Breakeven; Scalper; Cons. Hi-Freq,no,below 80% win rate; drawdown >= 15%
414,5,14,0xb7880c3186cff6bbd2a192271c41657912b3a382,0xb788...a382,796.78,2.72,87.1,100,31,84,1,24683.76,shark,2026-05-19T09:52:14.933962+00:00,2024-01-15T12:43:33.038000+00:00,Shark; Bearish; Small Gain; Volatile Profit; Swinger; Aggr. Low-Freq,no,below 500 closed positions; drawdown >= 15%
415,5,15,0x2744fec1df92b381458793b50f464a41c2f601ca,0x2744...01ca,786.22,0.85,7.55,100,53,68,1,194388.99,whale_mid,2026-05-15T12:55:19.258143+00:00,2025-02-22T02:28:43.077000+00:00,Shark; Bullish; Small Gain; Breakeven; Swinger; Aggr. Low-Freq,no,below 500 closed positions; below 80% win rate; drawdown >= 15%
416,5,16,0x87e2b59164df51a903543756843701cbe26f365d,0x87e2...365d,784.09,7.05,50.47,100,741,2000,50,10764.29,shark,2026-05-19T10:03:09.622623+00:00,2026-03-07T08:24:04.888760+00:00,Shark; Bullish; Mid Gain; Sustained Profit; Scalper; Cons. Hi-Freq,no,below 80% win rate; drawdown >= 15%
417,5,17,0x6e9b20e2ebb0e49a1de161b08413a2a988bd9516,0x6e9b...9516,723.13,1.46,96.3,39.74,27,57,1,124822.51,whale_mid,2026-05-19T10:31:28.939434+00:00,2025-01-23T16:13:06.503000+00:00,Shark; Neutral; Small Gain; Volatile Profit; Swinger; Aggr. Low-Freq,no,below 500 closed positions; drawdown >= 15%
418,5,18,0xd18f2bb258214747756eaa0864c39d82fe7f596f,0xd18f...596f,694.82,4.69,38.79,100,696,1565,0,0,shark,2026-05-19T10:17:19.400233+00:00,2026-03-10T00:29:03.607085+00:00,Shrimp; Bullish; Mid Gain; Breakeven; Short-term; Cons. Hi-Freq,no,below 80% win rate; drawdown >= 15%
419,5,19,0x584748853aa312abf2c641c0d231f3fcc8c47402,0x5847...7402,671.26,6.12,37.5,100,24,64,3,13032.46,shark,2026-05-19T10:01:18.711802+00:00,2026-03-08T00:31:03.266969+00:00,Shark; Bullish; Small Gain; Volatile Profit; Long-term; Aggr. Low-Freq,no,below 500 closed positions; below 80% win rate; drawdown >= 15%
420,5,20,0xd7356df6126edb1b3bdfe128019652f276ec6028,0xd735...6028,607.75,2.12,29.35,45.09,736,1197,0,12497.56,shark,2026-05-19T10:01:32.109755+00:00,2025-09-04T10:14:26.048000+00:00,Shark; Bullish; Large Gain; Breakeven; Short-term; Cons. Hi-Freq,no,below 80% win rate; drawdown >= 15%
421,5,21,0xea0a3100e7ad87b3f434ece110e53c168fa94c70,0xea0a...4c70,581.25,5.7,9.09,27.81,11,11,1,10245.45,shark,2026-05-19T10:04:22.242009+00:00,2025-07-20T14:55:57.428000+00:00,Shark; Bullish; Mid Gain; Breakeven; Long-term; Aggr. Low-Freq,no,below 500 closed positions; below 80% win rate; drawdown >= 15%
422,5,22,0xfeb5109404f81f2dd5f0fb6ba8dc921ae2538b88,0xfeb5...8b88,575.91,2.7,95.45,0,22,1795,1,24955.56,shark,2026-05-19T09:51:30.795805+00:00,2025-12-18T23:40:40.601000+00:00,Shark; Bearish; Small Gain; Breakeven; Scalper; Cons. Hi-Freq,no,below 500 closed positions
423,5,23,0x34916eb7bfa33c226a8f01aa0e103e799d3e0ddc,0x3491...0ddc,566.19,0.92,91.18,91.64,34,76,2,49638.11,shark,2026-05-19T09:45:18.394694+00:00,2026-03-08T14:05:05.425640+00:00,Shark; Bearish; Small Gain; Volatile Profit; Long-term; Aggr. Low-Freq,no,below 500 closed positions; drawdown >= 15%
424,5,24,0x4a49adcac118e57b253c7405b736724726ea5e14,0x4a49...5e14,534.41,0.64,1.67,0,60,335,1,79548.5,shark,2026-05-19T09:40:58.332059+00:00,2026-05-12T00:16:07.946000+00:00,Shark; Bullish; Small Gain; Breakeven; Short-term; Cons. Hi-Freq,no,below 500 closed positions; below 80% win rate
425,5,25,0x8b73f8a71cbe6f2e5a594255522fce1b712a6594,0x8b73...6594,530,3.68,12.5,68.89,8,36,0,0.01,shark,2026-05-15T13:04:07.757186+00:00,2026-03-10T02:46:12.714352+00:00,Shark; Bullish; Mid Gain; Breakeven; Long-term; Aggr. Low-Freq,no,below 500 closed positions; below 80% win rate; drawdown >= 15%
426,5,26,0x1f7bbb416b02bed6474caa046f1809b75e38abb4,0x1f7b...abb4,527.05,52705,50,100,18,19,0,0,shark,2026-05-19T10:18:16.579591+00:00,2025-05-20T22:04:50.663000+00:00,Shrimp; Bearish; Large Gain; Breakeven; Swinger; Aggr. Low-Freq,no,below 500 closed positions; below 80% win rate; drawdown >= 15%
427,5,27,0x7e8ee3cbb8037d797f7ca0fae56ee5728e9a8a46,0x7e8e...8a46,526.75,4.97,60.22,12.79,372,1013,50,10369.04,shark,2026-05-19T10:04:11.922977+00:00,2026-03-07T08:23:04.977054+00:00,Shark; Bullish; Mid Gain; Sustained Profit; Scalper; Cons. Hi-Freq,no,below 500 closed positions; below 80% win rate
428,5,28,0x590f7b43c5fa40c6332aa3807356b2896fb70e38,0x590f...0e38,523.24,3.24,63.16,100,38,79,1,19374.57,shark,2026-05-19T09:56:50.275048+00:00,2026-03-10T01:47:04.726259+00:00,Shark; Bullish; Mid Gain; Volatile Profit; Swinger; Aggr. Low-Freq,no,below 500 closed positions; below 80% win rate; drawdown >= 15%
429,5,29,0x19abe6cee288384fac7e132518088322905bb027,0x19ab...b027,436.9,0.77,53.42,84.02,234,580,0,52606.58,shark,2026-05-19T09:44:55.640697+00:00,2026-03-09T16:08:03.696919+00:00,Shark; Bullish; Small Gain; Breakeven; Long-term; Aggr. Low-Freq,no,below 500 closed positions; below 80% win rate; drawdown >= 15%
430,5,30,0x1900078e4552760a4a74c0cd3c559da3c399af5a,0x1900...af5a,431.14,1.62,65.91,100,44,74,1,18198.98,shark,2026-05-19T09:57:28.356960+00:00,2026-03-13T00:36:56.343000+00:00,Shark; Neutral; Small Gain; Volatile Profit; Swinger; Aggr. Low-Freq,no,below 500 closed positions; below 80% win rate; drawdown >= 15%
431,5,31,0x5d1124fb77c539ec92e3ef853053bbce1e98271b,0x5d11...271b,430.41,3.3,21.37,15.93,117,325,3,5874.57,shark,2026-05-19T10:09:51.618808+00:00,2025-01-04T06:26:26.782000+00:00,Shark; Bullish; Large Gain; Breakeven; Swinger; Asymmetric Pro,no,below 500 closed positions; below 80% win rate; drawdown >= 15%
432,5,32,0xd20549d2a869b1818790da9dbc5803ce062b6bdd,0xd205...6bdd,426.99,1.44,63.16,100,19,41,1,87.56,shark,2026-05-19T10:14:32.902291+00:00,2025-09-03T23:34:49.291000+00:00,Shark; Bearish; Small Gain; Volatile Profit; Long-term; Aggr. Low-Freq,no,below 500 closed positions; below 80% win rate; drawdown >= 15%
433,5,33,0xb7db4363387aa167e9605a52c1ce3d47ea21eb56,0xb7db...eb56,417.79,43.68,58.64,77.56,220,462,1,836.27,shark,2026-05-13T14:35:40.326059+00:00,2025-11-07T05:50:13.515000+00:00,Shrimp; Bearish; Mid Gain; Volatile Profit; Swinger; Aggr. Low-Freq,no,below 500 closed positions; below 80% win rate; drawdown >= 15%
434,5,34,0xdd7ee7e92ff7675965d08385ec7279448f17e80b,0xdd7e...e80b,413.85,1.66,20.25,100,79,218,0,0.01,shark,2026-05-19T10:16:57.986942+00:00,2025-11-14T01:49:33.717000+00:00,Shark; Bullish; Small Gain; Volatile Profit; Swinger; Aggr. Low-Freq,no,below 500 closed positions; below 80% win rate; drawdown >= 15%
435,5,35,0xd393fc74c7d944b8bb3c8e922cc9fa7fbcfa8c5d,0xd393...8c5d,410.81,0.48,44.4,100,1500,2534,0,0.06,shark,2026-05-19T10:14:57.241695+00:00,2026-02-06T10:14:28.759000+00:00,Shark; Bullish; Mid Gain; Breakeven; Scalper; Cons. Hi-Freq,no,below 80% win rate; drawdown >= 15%
436,5,36,0xaac1c5f1d36562923bb8ebde8a4d1574a92e7826,0xaac1...7826,409.43,1.94,15.58,91.7,321,676,1,42.64,shark,2026-05-19T10:14:34.207841+00:00,2025-01-10T14:08:51.871000+00:00,Shark; Neutral; Large Gain; Breakeven; Short-term; Cons. Hi-Freq,no,below 500 closed positions; below 80% win rate; drawdown >= 15%
437,5,37,0xda02f0134184b0a6e6779de2ab0c024b52e91195,0xda02...1195,405.68,2.7,52.69,1.98,186,436,0,18059.35,shark,2026-04-26T15:03:55.561255+00:00,2025-04-23T22:38:54.447000+00:00,Shark; Bullish; Small Gain; Breakeven; Short-term; Cons. Hi-Freq,no,below 500 closed positions; below 80% win rate
438,5,38,0xdacad971c5e2d7b6f1a64c10edaf5c9232a32740,0xdaca...2740,389.56,2.28,30,93.78,10,10,0,0.01,shark,2026-05-19T10:17:02.782204+00:00,2025-08-23T02:57:42.292000+00:00,Shark; Bearish; Mid Gain; Breakeven; Long-term; Aggr. Low-Freq,no,below 500 closed positions; below 80% win rate; drawdown >= 15%
439,5,39,0xf67805103988a2b714367759d34cc4c4ff1cea02,0xf678...ea02,377.26,2.97,72.45,100,98,249,1,12487.58,shark,2026-05-19T10:01:32.138980+00:00,2026-03-07T14:01:05.018827+00:00,Shark; Bullish; Small Gain; Volatile Profit; Long-term; Aggr. Low-Freq,no,below 500 closed positions; below 80% win rate; drawdown >= 15%
440,5,40,0x7fe8ca7397d3c199da824fb446c01cec3bf6f4af,0x7fe8...f4af,327.32,0.56,38.46,100,39,86,0,57601.17,shark,2026-05-19T09:44:33.822329+00:00,2026-02-19T10:29:09.703000+00:00,Shark; Bullish; Small Gain; Breakeven; Swinger; Aggr. Low-Freq,no,below 500 closed positions; below 80% win rate; drawdown >= 15%
441,5,41,0xa16a80f25a449ffa88d0a3d80af8d4075f5734b4,0xa16a...34b4,292.54,1.65,61.9,100,21,52,0,17708.79,shark,2026-05-19T09:57:39.133599+00:00,2025-10-14T08:23:20.138000+00:00,Shark; Bullish; Small Gain; Volatile Profit; Swinger; Aggr. Low-Freq,no,below 500 closed positions; below 80% win rate; drawdown >= 15%
442,5,42,0x6436cab6df2af2310f3bead54b4e43854fe02c85,0x6436...2c85,273.41,2.67,37.5,100,136,560,0,10366.28,shark,2026-05-19T10:04:11.542864+00:00,2025-07-28T01:32:31.563000+00:00,Shark; Bullish; Small Gain; Volatile Profit; Swinger; Aggr. Low-Freq,no,below 500 closed positions; below 80% win rate; drawdown >= 15%
443,5,43,0x3ebee9f4aae88dc0f7b3ea1789055636c8f40e11,0x3ebe...0e11,266.17,2.32,77.78,100,54,119,1,6519.68,shark,2026-05-19T10:09:37.765018+00:00,2026-03-07T06:54:10.539431+00:00,Shrimp; Neutral; Mid Gain; Volatile Profit; Long-term; Aggr. Low-Freq,no,below 500 closed positions; below 80% win rate; drawdown >= 15%
444,5,44,0x5951aa892795f561e52c3be90291deedf568236a,0x5951...236a,259.48,2.26,26.74,100,647,1268,3,16250.27,shark,2026-04-12T03:51:23.721070+00:00,2026-03-07T17:12:03.732923+00:00,Shark; Bullish; Mid Gain; Breakeven; Scalper; Cons. Hi-Freq,no,below 80% win rate; drawdown >= 15%
445,5,45,0xf5d81a135f756ca16544e53c20fc20643ec3ad53,0xf5d8...ad53,250.81,0.05,66.91,8.73,943,2000,22,844126.2,whale,2026-05-19T10:38:21.827025+00:00,2026-03-06T21:42:31.589892+00:00,Whale; Bullish; Small Gain; Sustained Profit; Scalper; Cons. Hi-Freq,no,below 80% win rate
446,5,46,0xf8c1adae0863c61b7e86106d9174603d22d0c2a1,0xf8c1...c2a1,209.51,0.66,78.57,100,14,42,0,30054.15,shark,2026-05-19T09:49:29.474323+00:00,2025-09-18T09:54:20.974000+00:00,Shark; Bullish; Small Gain; Volatile Profit; Swinger; Aggr. Low-Freq,no,below 500 closed positions; below 80% win rate; drawdown >= 15%
447,5,47,0xe592d370bbd88ae747233471614d60136ad41202,0xe592...1202,195.19,0.82,58.82,93.46,17,24,0,23686.68,shark,2026-05-19T09:52:41.330033+00:00,2025-12-28T15:54:17.261000+00:00,Shark; Bullish; Small Gain; Breakeven; Long-term; Aggr. Low-Freq,no,below 500 closed positions; below 80% win rate; drawdown >= 15%
448,5,48,0xbbab95e403cbfa8cc09256f7e438867d34b1f277,0xbbab...f277,176.89,1.6,50,49.9,24,74,1,3818.29,shark,2026-05-19T10:10:49.092562+00:00,2026-03-07T07:08:15.765288+00:00,Shark; Bullish; Small Gain; Volatile Profit; Swinger; Aggr. Low-Freq,no,below 500 closed positions; below 80% win rate; drawdown >= 15%
449,5,49,0xbdcf8435382a4f7f290356a7264a2ccb1063e198,0xbdcf...e198,175.26,0.91,61.54,67.93,39,96,0,0.01,shark,2026-05-19T10:15:28.850311+00:00,2026-03-09T15:29:07.303836+00:00,Shrimp; Bullish; Small Gain; Breakeven; Long-term; Aggr. Low-Freq,no,below 500 closed positions; below 80% win rate; drawdown >= 15%
450,5,50,0xfe8f98ea2bec1975f795a1a950e826227d772017,0xfe8f...2017,145.69,1.37,43.06,33.17,72,96,0,13488.5,shark,2026-05-19T10:01:07.967233+00:00,2026-03-10T18:29:03.045210+00:00,Shark; Bullish; Small Gain; Breakeven; Swinger; Aggr. Low-Freq,no,below 500 closed positions; below 80% win rate; drawdown >= 15%
451,5,51,0xfcf32791e8c638d3fa6e3a9b949c8f1799e95088,0xfcf3...5088,135.27,0.86,60.76,100,79,175,1,14350.71,shark,2026-05-19T10:00:39.105612+00:00,2025-09-11T00:57:13.175000+00:00,Shark; Neutral; Large Gain; Volatile Profit; Swinger; Aggr. Low-Freq,no,below 500 closed positions; below 80% win rate; drawdown >= 15%
452,5,52,0x688045760bffd87dedfadc64d8f99b605bb7969e,0x6880...969e,120.21,0.72,54.45,7.55,494,1182,17,10970.17,shark,2026-05-19T10:02:26.815977+00:00,2026-02-04T04:50:40.504000+00:00,Shark; Neutral; Small Gain; Breakeven; Scalper; Cons. Hi-Freq,no,below 500 closed positions; below 80% win rate
453,5,53,0x261fbdc30160fe397180523499b4f425c9f7661d,0x261f...661d,119.07,0.7,61.07,100,619,1155,0,1010,shark,2026-05-19T10:13:42.177036+00:00,2026-03-07T04:23:07.491879+00:00,Shark; Bullish; Large Gain; Breakeven; Short-term; Cons. Hi-Freq,no,below 80% win rate; drawdown >= 15%
454,5,54,0x4a5ae81bb737662ff67f7b31eb6fe62d15d91441,0x4a5a...1441,106.1,0.33,96.15,98.23,26,34,9,821.92,shark,2026-05-19T10:13:51.614870+00:00,2025-09-24T15:34:28.759000+00:00,Shark; Bearish; Small Gain; Volatile Profit; Long-term; Aggr. Low-Freq,no,below 500 closed positions; drawdown >= 15%
455,5,55,0x1e12e0b14751f2b72156ecda18cc18a977e6fa10,0x1e12...fa10,98.45,0.48,35.29,100,17,64,2,41618,shark,2026-05-19T09:47:11.355085+00:00,2026-03-09T07:48:05.264349+00:00,Shark; Bullish; Small Gain; Breakeven; Swinger; Aggr. Low-Freq,no,below 500 closed positions; below 80% win rate; drawdown >= 15%
456,5,56,0x57c4b5544b7fc99933cfddb7aa994e8d6c8f98be,0x57c4...98be,93.05,0.25,49.02,100,51,137,1,4679.7,shark,2026-04-02T02:59:19.733201+00:00,2026-03-08T22:03:03.696302+00:00,Shrimp; Bearish; Small Gain; Breakeven; Long-term; Aggr. Low-Freq,no,below 500 closed positions; below 80% win rate; drawdown >= 15%
457,5,57,0x3ee6903c8a6a112bd322a4ddc97d39953c414adb,0x3ee6...4adb,86.58,0.86,58.46,14.69,869,1782,1,104097.85,whale_mid,2026-05-19T10:32:09.318111+00:00,2026-04-16T14:21:08.853110+00:00,Shark; Bullish; Small Gain; Sustained Profit; Scalper; Cons. Hi-Freq,no,below 80% win rate
458,5,58,0xdf9893323795083fa621555e74f02510b89c71ae,0xdf98...71ae,86.57,0.8,80,61.12,25,54,0,506.11,shark,2026-05-19T10:10:13.945099+00:00,2026-04-17T14:04:14.909000+00:00,Shark; Neutral; Small Gain; Volatile Profit; Swinger; Aggr. Low-Freq,no,below 500 closed positions; drawdown >= 15%
459,5,59,0x1028e9f9bc8bce25eb476fc08c8bcf4ea9222cda,0x1028...2cda,86.35,0.7,12.5,21.95,8,51,0,0,shark,2026-05-14T04:44:18.440308+00:00,2024-04-07T18:47:15.838000+00:00,Shark; Bearish; Small Gain; Breakeven; Swinger; Aggr. Low-Freq,no,below 500 closed positions; below 80% win rate; drawdown >= 15%
460,5,60,0x3f3801e032d4768dcd61c48efde9c00708f60159,0x3f38...0159,81.49,0.5,39.58,100,48,130,1,10509.13,shark,2026-05-19T10:04:06.990079+00:00,2025-08-08T18:12:15.645000+00:00,Shark; Bullish; Mid Gain; Volatile Profit; Swinger; Aggr. Low-Freq,no,below 500 closed positions; below 80% win rate; drawdown >= 15%
461,5,61,0xf8af3d4725a1540fc92aab70e879e4af7910858e,0xf8af...858e,74.32,0.12,60,100,60,148,3,191908.48,whale_mid,2026-05-19T10:30:33.334259+00:00,2025-09-12T17:09:09.125000+00:00,Shark; Bullish; Small Gain; Breakeven; Swinger; Aggr. Low-Freq,no,below 500 closed positions; below 80% win rate; drawdown >= 15%
462,5,62,0x9fb90024fb6c54293591f56d1902d72d9a2a05be,0x9fb9...05be,73.33,0.67,84.21,100,19,35,1,7174.44,shark,2026-05-19T10:08:25.380981+00:00,2026-03-09T15:00:03.886994+00:00,Shark; Bullish; Small Gain; Volatile Profit; Long-term; Aggr. Low-Freq,no,below 500 closed positions; drawdown >= 15%
463,5,63,0xaf80304c2298405d7c5a8ff1c0eb8599038a814c,0xaf80...814c,64.36,0.24,73.17,98.68,41,107,6,21402.74,shark,2026-05-19T09:53:58.867090+00:00,2025-12-18T17:23:35.620000+00:00,Shark; Neutral; Large Gain; Breakeven; Swinger; Aggr. Low-Freq,no,below 500 closed positions; below 80% win rate; drawdown >= 15%
464,5,64,0x8cca1ff714a00188dcbc7f87a83af4a03e6e5d20,0x8cca...5d20,64.34,0.45,38.89,58.5,18,38,0,14222.32,shark,2026-05-18T17:49:18.889853+00:00,2025-08-08T18:28:02.669000+00:00,Shark; Bullish; Small Gain; Breakeven; Swinger; Aggr. Low-Freq,no,below 500 closed positions; below 80% win rate; drawdown >= 15%
465,5,65,0xaa14067b55042b46b5d58bef087cf74afc07b574,0xaa14...b574,63.5,0.08,70.59,100,51,73,8,82752.71,shark,2026-05-19T09:40:44.398400+00:00,2025-01-30T14:19:22.253000+00:00,Shark; Bullish; Small Gain; Volatile Profit; Swinger; Aggr. Low-Freq,no,below 500 closed positions; below 80% win rate; drawdown >= 15%
466,5,66,0xb0630c596628aa4ea84aa2801e13e239332007d9,0xb063...07d9,63.08,0.5,54.17,59.97,24,54,1,2650.25,shark,2026-05-15T12:58:47.346177+00:00,2026-03-08T09:48:47.757000+00:00,Shark; Neutral; Small Gain; Breakeven; Swinger; Aggr. Low-Freq,no,below 500 closed positions; below 80% win rate; drawdown >= 15%
467,5,67,0x8e1e8c6904f6c9191b5a91e40f18e0065278e010,0x8e1e...e010,55.36,0.19,27.27,57.38,11,42,4,40873.43,shark,2026-05-19T09:47:25.763603+00:00,2025-02-06T14:48:35.886000+00:00,Shark; Bullish; Small Gain; Volatile Profit; Swinger; Aggr. Low-Freq,no,below 500 closed positions; below 80% win rate; drawdown >= 15%
468,5,68,0x434859f0536ca8c771e7bf819186538b4f4c80e0,0x4348...80e0,42.68,0.08,100,99.78,30,196,1,38409.36,shark,2026-04-12T03:44:11.967456+00:00,2026-03-09T14:34:03.485007+00:00,Shark; Bullish; Small Gain; Volatile Profit; Long-term; Aggr. Low-Freq,no,below 500 closed positions; drawdown >= 15%
469,5,69,0x2248b17efe3d53397531cbf90c99b9bd302987f7,0x2248...87f7,40.2,0.35,64.29,68.47,14,29,1,11106.1,shark,2026-05-19T10:02:31.805412+00:00,2026-03-08T19:53:04.803631+00:00,Shark; Bullish; Small Gain; Volatile Profit; Long-term; Aggr. Low-Freq,no,below 500 closed positions; below 80% win rate; drawdown >= 15%
470,5,70,0x9abb9d9c10d1512148e9e0074547f0e6785c84d8,0x9abb...84d8,39.92,0.04,39.53,100,301,753,1,215577.19,whale_mid,2026-05-19T10:30:23.424833+00:00,2025-10-27T05:07:50.480000+00:00,Shark; Bearish; Large Gain; Breakeven; Scalper; Cons. Hi-Freq,no,below 500 closed positions; below 80% win rate; drawdown >= 15%
471,5,71,0x22ba053a09fc734365ebb69c2911bcd060a0636d,0x22ba...636d,30.86,0.15,50,46.51,16,44,0,0.01,shark,2026-05-19T10:17:09.757163+00:00,2026-03-09T03:17:08.446347+00:00,Shark; Bearish; Small Gain; Volatile Profit; Long-term; Aggr. Low-Freq,no,below 500 closed positions; below 80% win rate; drawdown >= 15%
472,5,72,0x5bbbde8ad7c641b2aafb1283a712571b846cf507,0x5bbb...f507,29.04,0.02,60,16.02,10,49,4,146682.69,whale_mid,2026-05-19T10:31:14.451039+00:00,2025-07-30T22:41:20.538000+00:00,Whale; Neutral; Small Gain; Breakeven; Long-term; Aggr. Low-Freq,no,below 500 closed positions; below 80% win rate; drawdown >= 15%
473,5,73,0x9046c5826a7e3a3c2366be1307ed604d64deffda,0x9046...ffda,16.86,0.03,60,81.51,20,36,1,58048.05,shark,2026-05-19T09:44:27.536535+00:00,2026-04-01T14:31:18.471369+00:00,Shark; Bullish; Small Gain; Volatile Profit; Swinger; Aggr. Low-Freq,no,below 500 closed positions; below 80% win rate; drawdown >= 15%
474,5,74,0x1d11c0d18d6795a425f7a9d2b51ff18103e39b12,0x1d11...9b12,11.87,0.04,48.57,100,35,55,1,50.12,shark,2026-03-31T16:14:09.033962+00:00,2026-03-09T09:25:07.202813+00:00,Shrimp; Bullish; Small Gain; Volatile Profit; Long-term; Aggr. Low-Freq,no,below 500 closed positions; below 80% win rate; drawdown >= 15%
475,5,75,0x7b6aa6497f0d1a181dfcad23047d3add386cce49,0x7b6a...ce49,9.27,0.04,60,100,5,36,1,7700.56,shark,2026-05-14T13:41:52.034609+00:00,2025-07-10T22:26:56.256000+00:00,Shark; Bullish; Small Gain; Volatile Profit; Swinger; Aggr. Low-Freq,no,below 500 closed positions; below 80% win rate; drawdown >= 15%
476,5,76,0x10c91bdbbd25f586eba13d9150b158bb52572d8b,0x10c9...2d8b,4.25,0.02,22.22,85.07,9,28,1,12344.47,shark,2026-05-19T10:01:40.702141+00:00,2025-11-09T06:07:23.819000+00:00,Shark; Bearish; Small Gain; Breakeven; Long-term; Aggr. Low-Freq,no,below 500 closed positions; below 80% win rate; drawdown >= 15%
477,5,77,0xa7dd0f3b2347cb34e945e408f44285b396e2c4d3,0xa7dd...c4d3,3.74,0.03,6.06,43.35,33,121,0,0,shark,2026-05-19T10:18:19.458228+00:00,2025-06-23T11:58:21.115000+00:00,Shark; Neutral; Small Gain; Volatile Profit; Long-term; Aggr. Low-Freq,no,below 500 closed positions; below 80% win rate; drawdown >= 15%
478,5,78,0x30205296bcc85971cdb640fb1eb6559129ad8192,0x3020...8192,2.86,0.01,66.67,81.54,33,67,2,14144.97,shark,2026-05-19T10:00:48.076275+00:00,2025-09-12T06:14:21.083000+00:00,Shark; Neutral; Small Gain; Volatile Profit; Swinger; Aggr. Low-Freq,no,below 500 closed positions; below 80% win rate; drawdown >= 15%
479,5,79,0xf67ce303834b4066ff3cf8394f9035c96e8456f9,0xf67c...56f9,1.98,0.02,15.79,78.86,19,37,0,28.76,shark,2026-05-19T10:14:35.502251+00:00,2026-03-10T14:47:03.915386+00:00,Shark; Bullish; Small Gain; Breakeven; Long-term; Aggr. Low-Freq,no,below 500 closed positions; below 80% win rate; drawdown >= 15%
480,5,80,0x58a63dda17368ff8a65926dcc5699d433238cc1b,0x58a6...cc1b,0.1,0,75,28.57,8,19,1,105073.53,whale_mid,2026-04-12T03:51:15.482739+00:00,2025-10-14T20:06:47.899000+00:00,Whale; Bullish; Small Gain; Volatile Profit; Swinger; Aggr. Low-Freq,no,below 500 closed positions; below 80% win rate; drawdown >= 15%
481,5,81,0x9cb28b0c0c95a348622f7fe1da063ddfe82d49e1,0x9cb2...49e1,0,0,0,0,0,346,1,6469.62,shark,2026-03-12T23:21:21.286143+00:00,2026-03-07T21:03:03.530130+00:00,Shrimp; Bearish; Small Gain; Breakeven; Short-term; Cons. Hi-Freq,no,non-positive 3M total PnL; below 500 closed positions; below 80% win rate
482,5,82,0x44115753c8d053707845dabe45c90b9ccc6fbc51,0x4411...bc51,0,0,0,0,0,997,0,284688.33,whale_mid,2026-05-19T10:29:58.000371+00:00,2026-03-13T12:53:51.994209+00:00,Shark; Bullish; Small Gain; Breakeven; Scalper; Cons. Hi-Freq,no,non-positive 3M total PnL; below 500 closed positions; below 80% win rate
483,5,83,0x128e07babe3bbbd46b480a93bb4ab8bd21fc4131,0x128e...4131,0,0,0,0,0,2204,1,466002.48,whale_mid,2026-05-08T17:32:35.380982+00:00,2026-05-06T02:00:56.132000+00:00,Mega Whale; Bearish; Small Gain; Breakeven; Scalper; Cons. Hi-Freq,no,non-positive 3M total PnL; below 500 closed positions; below 80% win rate
484,5,84,0x19ae423cbb2b06701a64896d12bb318e26e3e64f,0x19ae...e64f,0,0,0,0,0,2000,1,263738.06,whale_mid,2026-05-19T10:30:13.208566+00:00,2026-03-18T17:38:54.568000+00:00,Whale; Neutral; Small Gain; Breakeven; Scalper; Cons. Hi-Freq,no,non-positive 3M total PnL; below 500 closed positions; below 80% win rate
485,5,85,0x05904930cae1e9a48c055f4a8a83480ba7fc6abf,0x0590...6abf,0,0,0,0,0,1930,6,479487.11,whale_mid,2026-05-19T10:29:35.138069+00:00,2026-03-23T08:23:53.042000+00:00,Mega Whale; Neutral; Small Gain; Breakeven; Scalper; Cons. Hi-Freq,no,non-positive 3M total PnL; below 500 closed positions; below 80% win rate
486,5,86,0x2301fc0fe058e8b3955f24aad670c33a69d90e20,0x2301...0e20,0,0,0,0,0,327,1,42321.91,shark,2026-04-26T19:42:28.398009+00:00,2026-04-24T03:29:21.443000+00:00,Shark; Bullish; Small Gain; Breakeven; Short-term; Cons. Hi-Freq,no,non-positive 3M total PnL; below 500 closed positions; below 80% win rate
487,5,87,0xa8ee0babe72cd9a80ae45dd74cd3eae7a82fd5d1,0xa8ee...d5d1,0,0,0,0,0,375,1,26739.32,shark,2026-05-19T09:50:06.713788+00:00,2026-05-14T12:02:33.496000+00:00,Shark; Bullish; Small Gain; Breakeven; Short-term; Cons. Hi-Freq,no,non-positive 3M total PnL; below 500 closed positions; below 80% win rate
488,5,88,0x0786db65d9fac9307b756fbec691246a62a68032,0x0786...8032,0,0,0,0,0,869,1,106904.32,whale_mid,2026-03-19T07:25:58.962418+00:00,2026-03-18T16:52:34.019000+00:00,Whale; Bullish; Small Gain; Breakeven; Scalper; Cons. Hi-Freq,no,non-positive 3M total PnL; below 500 closed positions; below 80% win rate
489,5,89,0x532305fb788158f9d4878e7660afffc15903047e,0x5323...047e,0,0,0,0,0,318,2,37770.69,shark,2026-05-19T09:47:24.631155+00:00,2026-04-12T09:43:11.813000+00:00,Shark; Bearish; Small Gain; Breakeven; Short-term; Cons. Hi-Freq,no,non-positive 3M total PnL; below 500 closed positions; below 80% win rate
490,5,90,0x999b1810e7b64a542ba248af0812f9bee431aa10,0x999b...aa10,0,0,0,0,0,442,1,21859.39,shark,2026-03-24T13:50:32.479651+00:00,2026-03-24T08:12:47.495000+00:00,Mega Whale; Bearish; Small Gain; Breakeven; Short-term; Cons. Hi-Freq,no,non-positive 3M total PnL; below 500 closed positions; below 80% win rate
491,5,91,0x4909e918ed7acfab30d9569f2e570c7c8d222181,0x4909...2181,0,0,0,0,0,497,1,452671.77,whale_mid,2026-05-15T12:51:13.322566+00:00,2026-05-03T08:20:53.425377+00:00,Mega Whale; Bullish; Small Gain; Breakeven; Short-term; Cons. Hi-Freq,no,non-positive 3M total PnL; below 500 closed positions; below 80% win rate
492,5,92,0x91b8f26995a869de5b82d1a705973278f500f5f4,0x91b8...f5f4,0,0,0,0,0,747,0,0,shark,2026-05-19T10:17:37.397242+00:00,2025-09-25T13:32:09.825000+00:00,Whale; Bullish; Small Gain; Breakeven; Scalper; Cons. Hi-Freq,no,non-positive 3M total PnL; below 500 closed positions; below 80% win rate
493,5,93,0xcbe114cc845cf58d3eada944335612e8df99fe7f,0xcbe1...fe7f,0,0,0,0,0,447,1,486151.91,whale_mid,2026-05-19T10:29:35.986426+00:00,2026-03-03T15:03:35.985000+00:00,Whale; Bullish; Small Gain; Breakeven; Short-term; Cons. Hi-Freq,no,non-positive 3M total PnL; below 500 closed positions; below 80% win rate
494,5,94,0x75e913688c79341de879f4c27b56b8b4f824ff9d,0x75e9...ff9d,0,0,0,0,0,322,1,275200.41,whale_mid,2026-05-13T21:41:32.694405+00:00,2026-04-23T00:59:58.704000+00:00,Whale; Bullish; Small Gain; Breakeven; Short-term; Cons. Hi-Freq,no,non-positive 3M total PnL; below 500 closed positions; below 80% win rate
495,5,95,0xa7395c4fe98fec4e1ab8aceccc1c254575720c68,0xa739...0c68,-0.02,0,0,0,3,332,1,7347.11,shark,2026-04-05T11:15:08.988606+00:00,2026-04-04T16:12:53.686000+00:00,Shark; Bearish; Small Gain; Breakeven; Short-term; Cons. Hi-Freq,no,non-positive 3M total PnL; below 500 closed positions; below 80% win rate
496,5,96,0x0a7097d919b7421ecc03aed3aac68a13e7ef1f46,0x0a70...1f46,-0.4,0,0,0,1,762,3,267505.03,whale_mid,2026-05-19T10:30:00.844525+00:00,2025-06-14T07:55:32.058000+00:00,Whale; Bearish; Small Gain; Breakeven; Scalper; Cons. Hi-Freq,no,non-positive 3M total PnL; below 500 closed positions; below 80% win rate
497,5,97,0xd20dcbbfb5c17761abddf36d51bb288ce4e89365,0xd20d...9365,-0.57,0,20,100,5,16,0,39321.13,shark,2026-05-19T09:47:26.878705+00:00,2025-11-04T23:07:41.064000+00:00,Shark; Bearish; Small Gain; Breakeven; Swinger; Aggr. Low-Freq,no,non-positive 3M total PnL; below 500 closed positions; below 80% win rate; drawdown >= 15%
498,5,98,0x8b81f37473e11342248f97d5d659937eb28bb374,0x8b81...b374,-0.63,-0.01,50,100,4,34,1,5227.22,shark,2026-05-15T06:53:54.482592+00:00,2024-09-28T10:04:25.010000+00:00,Shark; Bullish; Small Gain; Volatile Profit; Long-term; Aggr. Low-Freq,no,non-positive 3M total PnL; below 500 closed positions; below 80% win rate; drawdown >= 15%
499,5,99,0xde236b0b3b367d5ad2a2c42b914bded79d03fe28,0xde23...fe28,-0.71,0,50.09,0.09,1126,2000,0,0.01,shark,2026-05-19T10:16:48.413944+00:00,2026-03-07T01:05:05.204601+00:00,Mega Whale; Bullish; Small Gain; Breakeven; Scalper; Cons. Hi-Freq,no,non-positive 3M total PnL; below 80% win rate
500,5,100,0x78a19616a46da8407a3f4d1ca1d264f5a39fe458,0x78a1...e458,-0.87,-0.01,16.67,100,6,6,0,0.01,shark,2026-05-19T10:17:07.729804+00:00,2025-06-21T13:41:59.094000+00:00,Shark; Bearish; Small Gain; Breakeven; Long-term; Aggr. Low-Freq,no,non-positive 3M total PnL; below 500 closed positions; below 80% win rate; drawdown >= 15%
501,6,1,0xbfe7f1231d2089510027c9d6a0f884ddd5e6399e,0xbfe7...399e,-2.27,-0.02,31.25,100,16,45,3,16351.74,shark,2026-05-19T09:58:23.651234+00:00,2026-02-24T00:15:04.195000+00:00,Shark; Bullish; Small Gain; Breakeven; Swinger; Aggr. Low-Freq,no,non-positive 3M total PnL; below 500 closed positions; below 80% win rate; drawdown >= 15%
502,6,2,0x8ade834491d6d54865d3a3a8aa11e63a62033c6f,0x8ade...3c6f,-3.55,-0.02,20,100,5,5,0,0.01,shark,2026-05-19T10:15:06.104029+00:00,2025-07-21T11:11:10.578000+00:00,Shark; Bearish; Small Gain; Breakeven; Long-term; Aggr. Low-Freq,no,non-positive 3M total PnL; below 500 closed positions; below 80% win rate; drawdown >= 15%
503,6,3,0x569fb48be09bccea2ec13c319ab084a70652290f,0x569f...290f,-3.97,-0.01,50,100,2,2,0,0.01,shark,2026-05-19T10:15:06.754378+00:00,2025-08-03T09:11:17.306000+00:00,Shark; Neutral; Small Gain; Volatile Profit; Long-term; Aggr. Low-Freq,no,non-positive 3M total PnL; below 500 closed positions; below 80% win rate; drawdown >= 15%
504,6,4,0x50b185468b97f46246166c9094c306312c832226,0x50b1...2226,-4.52,-0.04,20,100,5,5,0,0.01,shark,2026-05-19T10:17:07.579894+00:00,2025-07-20T08:05:51.002000+00:00,Shark; Bearish; Small Gain; Breakeven; Long-term; Aggr. Low-Freq,no,non-positive 3M total PnL; below 500 closed positions; below 80% win rate; drawdown >= 15%
505,6,5,0xc67e11b621bac4a5b35e944e3b5e3f9108c83ada,0xc67e...3ada,-5.02,-0.04,58.97,100,39,76,1,0.29,shark,2026-04-12T03:59:38.332608+00:00,2024-11-18T14:20:57.695000+00:00,Shark; Bullish; Small Gain; Volatile Profit; Swinger; Aggr. Low-Freq,no,non-positive 3M total PnL; below 500 closed positions; below 80% win rate; drawdown >= 15%
506,6,6,0x84f6caaf40868472560cd69f3fe49102873bd85e,0x84f6...d85e,-7.54,-0.07,100,52.18,2,6,0,0,shark,2026-05-19T10:17:38.358884+00:00,2025-07-22T16:14:04.377000+00:00,Shark; Bearish; Small Gain; Volatile Profit; Long-term; Aggr. Low-Freq,no,non-positive 3M total PnL; below 500 closed positions; drawdown >= 15%
507,6,7,0x58b7dff360b921e7d6c47ddaa2898d1f14876f8e,0x58b7...6f8e,-8.58,-0.06,50,100,4,4,0,0.01,shark,2026-05-19T10:16:12.024956+00:00,2025-07-23T11:58:38.008000+00:00,Shark; Neutral; Small Gain; Volatile Profit; Long-term; Aggr. Low-Freq,no,non-positive 3M total PnL; below 500 closed positions; below 80% win rate; drawdown >= 15%
508,6,8,0xa1b7bbade134db3b14b56056480e81c60ab77377,0xa1b7...7377,-12.46,-0.11,14.59,100,658,1560,0,9146.19,shark,2026-05-19T10:06:03.048084+00:00,2026-03-08T19:27:07.053329+00:00,Shark; Neutral; Large Gain; Breakeven; Scalper; Cons. Hi-Freq,no,non-positive 3M total PnL; below 80% win rate; drawdown >= 15%
509,6,9,0x5ec87bec1e9d327498f0a9dc519763f0631d1f3b,0x5ec8...1f3b,-13.48,-0.13,34.62,100,26,76,0,10072.28,shark,2026-05-02T09:36:13.914664+00:00,2026-04-18T12:52:58.918000+00:00,Shark; Bullish; Small Gain; Breakeven; Swinger; Aggr. Low-Freq,no,non-positive 3M total PnL; below 500 closed positions; below 80% win rate; drawdown >= 15%
510,6,10,0x9e3c38c7888fe89b4a7b2f50a688da957b61656b,0x9e3c...656b,-13.89,-0.09,46.15,100,13,13,0,0,shark,2026-05-19T10:17:22.443821+00:00,2025-06-21T13:20:35.094000+00:00,Shark; Neutral; Small Gain; Volatile Profit; Long-term; Aggr. Low-Freq,no,non-positive 3M total PnL; below 500 closed positions; below 80% win rate; drawdown >= 15%
511,6,11,0x2ee85a9768127282e4acb2e0b8fdf9123f9b17f7,0x2ee8...17f7,-14.49,-0.08,28.57,100,7,7,0,0.01,shark,2026-05-19T10:17:08.524412+00:00,2025-09-25T02:14:50.760000+00:00,Shark; Bearish; Small Gain; Breakeven; Long-term; Aggr. Low-Freq,no,non-positive 3M total PnL; below 500 closed positions; below 80% win rate; drawdown >= 15%
512,6,12,0xa2f501dd7c90c614e256911a15ea0f29d10a5b03,0xa2f5...5b03,-14.83,-0.05,52.27,100,88,236,0,22090.4,shark,2026-05-19T09:53:24.698366+00:00,2025-10-09T16:48:47.135000+00:00,Shark; Bullish; Mid Gain; Breakeven; Swinger; Aggr. Low-Freq,no,non-positive 3M total PnL; below 500 closed positions; below 80% win rate; drawdown >= 15%
513,6,13,0xe233786a7af530c07cde3858e4ca6c8921d4cb07,0xe233...cb07,-16.36,-0.06,31.82,100,22,22,0,0.01,shark,2026-05-19T10:15:07.035551+00:00,2025-09-08T16:37:20.307000+00:00,Shark; Bearish; Small Gain; Breakeven; Long-term; Aggr. Low-Freq,no,non-positive 3M total PnL; below 500 closed positions; below 80% win rate; drawdown >= 15%
514,6,14,0x46494e3bff0dba5290e66ce1a64c62790dac445c,0x4649...445c,-17.32,-0.13,24.14,0,29,78,1,24432.26,shark,2026-04-30T20:23:24.816373+00:00,2026-03-17T20:46:29.634000+00:00,Shark; Neutral; Small Gain; Breakeven; Swinger; Aggr. Low-Freq,no,non-positive 3M total PnL; below 500 closed positions; below 80% win rate
515,6,15,0x4389a0e25fb85d51ea9a144e2c50ef3d8bea7254,0x4389...7254,-17.99,-0.02,39.75,0.19,732,1497,141,44903.03,shark,2026-05-19T09:45:44.471106+00:00,2026-04-01T14:19:35.496000+00:00,Shark; Bullish; Small Gain; Breakeven; Scalper; Cons. Hi-Freq,no,non-positive 3M total PnL; below 80% win rate
516,6,16,0x0d3b1754bfb05cf7257eade5e30f5eaf2c0fada7,0x0d3b...ada7,-18.8,-0.19,32.49,0.19,788,2000,0,9892.4,shark,2026-03-27T08:37:04.973560+00:00,2026-03-12T01:35:25.399000+00:00,Shark; Bullish; Small Gain; Breakeven; Scalper; Cons. Hi-Freq,no,non-positive 3M total PnL; below 80% win rate
517,6,17,0xd88a04b847e2131b87925c62ddb783a5b66a8fcb,0xd88a...8fcb,-19.22,-0.17,80,100,5,5,0,0,shark,2026-05-19T10:17:56.063728+00:00,2025-10-15T05:33:23.353000+00:00,Shark; Bullish; Small Gain; Volatile Profit; Long-term; Aggr. Low-Freq,no,non-positive 3M total PnL; below 500 closed positions; drawdown >= 15%
518,6,18,0x0693b1603afb51f388733d54d5742b2b0721b156,0x0693...b156,-24.91,-2.46,92.31,100,39,85,0,1013.48,shark,2026-05-19T10:13:41.952700+00:00,2026-03-23T07:22:44.867000+00:00,Shrimp; Bullish; Mid Gain; Volatile Profit; Swinger; Aggr. Low-Freq,no,non-positive 3M total PnL; below 500 closed positions; drawdown >= 15%
519,6,19,0xfef8b5d5485008f1f6c106ff4806dfe69c333298,0xfef8...3298,-25.9,-0.2,12.5,100,16,48,1,24204.49,shark,2026-05-07T20:05:14.949489+00:00,2026-04-13T14:56:48.704000+00:00,Shark; Bullish; Small Gain; Breakeven; Swinger; Aggr. Low-Freq,no,non-positive 3M total PnL; below 500 closed positions; below 80% win rate; drawdown >= 15%
520,6,20,0x448ad4979b20388d231e844b8d5039caf013f98a,0x448a...f98a,-28.32,-0.2,100,53.35,2,3,0,0.01,shark,2026-05-19T10:15:07.493662+00:00,2025-07-03T06:42:30.567000+00:00,Shark; Bullish; Small Gain; Volatile Profit; Long-term; Aggr. Low-Freq,no,non-positive 3M total PnL; below 500 closed positions; drawdown >= 15%
521,6,21,0x2462763b194e5425ebcd00a1e7ee57c49c72b5de,0x2462...b5de,-28.37,-0.22,100,42.32,2,4,0,12722.35,shark,2026-03-18T17:13:02.169528+00:00,2025-08-05T05:53:15.367000+00:00,Shark; Neutral; Small Gain; Volatile Profit; Long-term; Aggr. Low-Freq,no,non-positive 3M total PnL; below 500 closed positions; drawdown >= 15%
522,6,22,0x451333eb2f8230cda918db136623da9c26acea0b,0x4513...ea0b,-31,-0.01,1.62,0,680,1999,123,335859.18,whale_mid,2026-05-19T10:29:51.671193+00:00,2026-04-03T08:35:39.986630+00:00,Whale; Neutral; Small Gain; Breakeven; Scalper; Cons. Hi-Freq,no,non-positive 3M total PnL; below 80% win rate
523,6,23,0x726b472079589b8fcc5416f6bb8950ba1a7e41c3,0x726b...41c3,-37.67,0,0,0.49,908,2000,0,0.01,shark,2026-05-19T10:15:07.376392+00:00,2026-03-12T05:47:03.390626+00:00,Mega Whale; Neutral; Small Gain; Breakeven; Scalper; Cons. Hi-Freq,no,non-positive 3M total PnL; below 80% win rate
524,6,24,0xf78383ef69945eac80563de5fa3828ef7adea922,0xf783...a922,-38.28,-0.12,100,100,18,63,0,30770.42,shark,2026-03-08T20:20:03.340969+00:00,2026-03-08T20:20:03.340969+00:00,Shark; Neutral; Small Gain; Volatile Profit; Long-term; Aggr. Low-Freq,no,non-positive 3M total PnL; below 500 closed positions; drawdown >= 15%
525,6,25,0x34827044cbd4b808fc1b189fce9f50e6dafae7c9,0x3482...e7c9,-38.36,-0.04,51.84,0.05,1117,2000,6,8715.77,shark,2026-05-19T10:06:33.899783+00:00,2026-03-06T21:56:30.560384+00:00,Shark; Bullish; Small Gain; Breakeven; Scalper; Cons. Hi-Freq,no,non-positive 3M total PnL; below 80% win rate
526,6,26,0x8aa2087bbf88057df9aea623b7efbca10c48d9fb,0x8aa2...d9fb,-38.48,-0.2,100,44.55,1,3,0,0.01,shark,2026-05-19T10:17:02.755016+00:00,2025-08-31T14:38:41.089000+00:00,Shark; Bearish; Small Gain; Volatile Profit; Long-term; Aggr. Low-Freq,no,non-positive 3M total PnL; below 500 closed positions; drawdown >= 15%
527,6,27,0x4eacde924b92bf6c1439fb549cf1ca249bb90f60,0x4eac...0f60,-39.18,-0.29,76.92,100,78,183,2,18627.88,shark,2026-05-19T09:57:19.951291+00:00,2026-03-10T16:44:06.475734+00:00,Shark; Bullish; Small Gain; Volatile Profit; Long-term; Aggr. Low-Freq,no,non-positive 3M total PnL; below 500 closed positions; below 80% win rate; drawdown >= 15%
528,6,28,0x0cc0b547ec0199bf577366bffbd792ee04ec7f9d,0x0cc0...7f9d,-42.54,-0.21,91.67,100,12,34,0,20368.45,shark,2026-05-18T19:06:09.782825+00:00,2026-04-29T14:30:42.898000+00:00,Shark; Bearish; Small Gain; Volatile Profit; Swinger; Aggr. Low-Freq,no,non-positive 3M total PnL; below 500 closed positions; drawdown >= 15%
529,6,29,0x0ab35d12271b7ab14aeb6d5ae5000a73660126b6,0x0ab3...26b6,-43.19,-0.25,33.33,100,3,3,0,0.01,shark,2026-05-19T10:16:06.733178+00:00,2025-08-07T03:41:37.347000+00:00,Shark; Bearish; Small Gain; Breakeven; Long-term; Aggr. Low-Freq,no,non-positive 3M total PnL; below 500 closed positions; below 80% win rate; drawdown >= 15%
530,6,30,0x339944abe7045835aeb68142d1b17944270eb323,0x3399...b323,-43.65,-0.11,34.62,100,52,95,0,36572.5,shark,2026-05-19T09:47:48.258290+00:00,2026-03-10T10:06:04.406500+00:00,Shark; Bullish; Small Gain; Breakeven; Swinger; Aggr. Low-Freq,no,non-positive 3M total PnL; below 500 closed positions; below 80% win rate; drawdown >= 15%
531,6,31,0x6a088b6bf6f0ed337306beddc57e147bc5c6d95c,0x6a08...d95c,-46.34,-0.16,81.82,100,11,11,0,0.01,shark,2026-05-19T10:15:13.317894+00:00,2025-05-26T18:26:12.415000+00:00,Shark; Bullish; Small Gain; Volatile Profit; Long-term; Aggr. Low-Freq,no,non-positive 3M total PnL; below 500 closed positions; drawdown >= 15%
532,6,32,0x36c152a81f41e7c91ae9dc08566998f5db6886b6,0x36c1...86b6,-47.56,-0.24,100,21.2,14,21,0,19839.34,shark,2026-03-16T22:49:36.261585+00:00,2025-06-21T16:42:11.524000+00:00,Shark; Bullish; Small Gain; Breakeven; Long-term; Aggr. Low-Freq,no,non-positive 3M total PnL; below 500 closed positions; drawdown >= 15%
533,6,33,0x9c5ebbcd9a08cd8ce548e272d3d66e010bd0cdeb,0x9c5e...cdeb,-53.82,-0.31,33.33,0,183,375,0,17204.27,shark,2026-05-19T09:57:51.675610+00:00,2026-03-07T07:01:04.288786+00:00,Shark; Bullish; Small Gain; Breakeven; Short-term; Cons. Hi-Freq,no,non-positive 3M total PnL; below 500 closed positions; below 80% win rate
534,6,34,0x861dc2e4a1038518bc9469fda0c818e7c2a755f6,0x861d...55f6,-54.24,-0.47,50,100,18,26,0,18084.15,shark,2026-05-19T09:57:29.691105+00:00,2026-05-11T06:22:29.844000+00:00,Shark; Bearish; Small Gain; Volatile Profit; Long-term; Aggr. Low-Freq,no,non-positive 3M total PnL; below 500 closed positions; below 80% win rate; drawdown >= 15%
535,6,35,0x0660ce4e91cee605064059feeea32a9b472cf8c6,0x0660...f8c6,-58.12,-0.01,0,0,4,336,13,879025.81,whale,2026-05-19T10:38:31.152799+00:00,2026-03-07T06:07:03.214383+00:00,Mega Whale; Bullish; Small Gain; Breakeven; Short-term; Cons. Hi-Freq,no,non-positive 3M total PnL; below 500 closed positions; below 80% win rate
536,6,36,0xe7e3ac059843b9e08ddef461355d46ec60e4b14e,0xe7e3...b14e,-58.14,-0.2,13.64,100,22,34,0,17577.39,shark,2026-05-19T10:00:07.022113+00:00,2026-03-15T17:15:41.579000+00:00,Shark; Bullish; Small Gain; Breakeven; Swinger; Aggr. Low-Freq,no,non-positive 3M total PnL; below 500 closed positions; below 80% win rate; drawdown >= 15%
537,6,37,0x57154f5fbd47b9526343bf77dcc6f05444578598,0x5715...8598,-60,-0.48,69.81,59.2,53,152,0,0.01,shark,2026-05-19T10:15:07.372458+00:00,2025-11-05T08:33:43.843000+00:00,Shark; Bullish; Small Gain; Breakeven; Long-term; Aggr. Low-Freq,no,non-positive 3M total PnL; below 500 closed positions; below 80% win rate; drawdown >= 15%
538,6,38,0x11686d0b112398e955755c7afac0e1108e23e86d,0x1168...e86d,-60.17,-0.3,63.64,100,55,174,1,2833.22,shark,2026-05-15T12:58:43.125105+00:00,2025-07-16T18:24:09.617000+00:00,Shark; Bullish; Small Gain; Volatile Profit; Long-term; Aggr. Low-Freq,no,non-positive 3M total PnL; below 500 closed positions; below 80% win rate; drawdown >= 15%
539,6,39,0xf6c881713466b6791149bce3e5f0a2d657e45c1a,0xf6c8...5c1a,-73.76,-0.26,85.71,100,7,55,0,31649.12,shark,2026-05-19T09:49:07.830497+00:00,2026-03-10T09:33:05.694481+00:00,Shark; Bearish; Small Gain; Volatile Profit; Swinger; Aggr. Low-Freq,no,non-positive 3M total PnL; below 500 closed positions; drawdown >= 15%
540,6,40,0x36dc8d4188c57008b7ddbc21662ef28a88a9c684,0x36dc...c684,-90.28,-0.11,25,0,36,86,10,76173.24,shark,2026-05-19T09:41:24.938470+00:00,2026-02-12T09:24:22.028000+00:00,Shark; Bullish; Small Gain; Volatile Profit; Long-term; Aggr. Low-Freq,no,non-positive 3M total PnL; below 500 closed positions; below 80% win rate
541,6,41,0xc5d779525431ee540a33cf587d6a8ce135bb9ec7,0xc5d7...9ec7,-97.23,-0.65,42.86,100,28,54,0,10000,shark,2026-05-19T10:04:44.616839+00:00,2026-04-16T01:55:17.596000+00:00,Shark; Bullish; Small Gain; Volatile Profit; Swinger; Aggr. Low-Freq,no,non-positive 3M total PnL; below 500 closed positions; below 80% win rate; drawdown >= 15%
542,6,42,0x8f50c2ac52089109ee379687c8de26c742ef5fda,0x8f50...5fda,-100.41,-0.13,0,0,11,605,1,30367.81,shark,2026-05-12T07:23:23.272332+00:00,2025-07-01T08:16:10.548000+00:00,Shark; Bullish; Small Gain; Breakeven; Scalper; Cons. Hi-Freq,no,non-positive 3M total PnL; below 500 closed positions; below 80% win rate
543,6,43,0x727489c223a785f2b141ff66e0b92fd737f2601b,0x7274...601b,-104.87,-0.26,75,100,12,12,0,0,shark,2026-05-19T10:18:06.663809+00:00,2025-05-21T08:01:12.108000+00:00,Shark; Bullish; Small Gain; Volatile Profit; Long-term; Aggr. Low-Freq,no,non-positive 3M total PnL; below 500 closed positions; below 80% win rate; drawdown >= 15%
544,6,44,0xa4811778d3d9476e568340892d2b55570c5e58e6,0xa481...58e6,-107.51,-0.25,33.33,100,3,3,0,0,shark,2026-05-19T10:17:56.026916+00:00,2025-07-20T13:42:22.645000+00:00,Shark; Bearish; Small Gain; Breakeven; Long-term; Aggr. Low-Freq,no,non-positive 3M total PnL; below 500 closed positions; below 80% win rate; drawdown >= 15%
545,6,45,0xd328a68507d2ce1e4c68b7d287268d9dc4539b80,0xd328...9b80,-107.61,-0.04,0,0,21,304,0,53150.5,shark,2026-05-19T09:44:49.301158+00:00,2026-05-15T07:33:04.370000+00:00,Whale; Bearish; Small Gain; Breakeven; Short-term; Cons. Hi-Freq,no,non-positive 3M total PnL; below 500 closed positions; below 80% win rate
546,6,46,0x8f55273566497d92c86faa87721d831a50f2747a,0x8f55...747a,-117.54,-0.51,55.17,100,29,44,0,0,shark,2026-05-18T21:08:00.995982+00:00,2025-08-22T19:17:19.926000+00:00,Shark; Bullish; Small Gain; Volatile Profit; Swinger; Aggr. Low-Freq,no,non-positive 3M total PnL; below 500 closed positions; below 80% win rate; drawdown >= 15%
547,6,47,0x172bfd559b383755db1109ba3b0e893392eb9d40,0x172b...9d40,-123.51,-0.42,75,100,32,64,0,0.01,shark,2026-05-19T10:16:25.209657+00:00,2026-03-07T19:28:04.846220+00:00,Shark; Bullish; Small Gain; Volatile Profit; Swinger; Aggr. Low-Freq,no,non-positive 3M total PnL; below 500 closed positions; below 80% win rate; drawdown >= 15%
548,6,48,0xf5287e2d4873316503b608a4cd46c74b565cef7c,0xf528...ef7c,-127.94,-1.03,13.64,100,22,58,1,5058.22,shark,2026-05-19T10:10:17.002950+00:00,2026-03-10T02:33:03.033446+00:00,Shark; Bullish; Small Gain; Breakeven; Long-term; Aggr. Low-Freq,no,non-positive 3M total PnL; below 500 closed positions; below 80% win rate; drawdown >= 15%
549,6,49,0xdd523ab1b6016ebe28da8b68a9585173bb2aac3f,0xdd52...ac3f,-134.95,-0.38,33.45,100,885,1995,0,12459.42,shark,2026-04-22T10:42:52.513799+00:00,2026-01-27T18:14:44.722000+00:00,Shark; Bullish; Small Gain; Volatile Profit; Swinger; Aggr. Low-Freq,no,non-positive 3M total PnL; below 80% win rate; drawdown >= 15%
550,6,50,0xefb904cc1178e54f67664904c646f86f49d10dde,0xefb9...0dde,-147.65,-1476500,40,100,5,5,0,0.01,shark,2026-05-19T10:16:12.645110+00:00,2025-06-22T01:05:06.126000+00:00,Shrimp; Neutral; Large Gain; Breakeven; Long-term; Aggr. Low-Freq,no,non-positive 3M total PnL; below 500 closed positions; below 80% win rate; drawdown >= 15%
551,6,51,0xe8262f7d79c73c626b525034bc19e8ac0cb22a24,0xe826...2a24,-151.6,-0.36,0,0,5,343,1,47336.59,shark,2026-05-19T09:45:20.153847+00:00,2026-03-09T12:07:04.197468+00:00,Shark; Bearish; Small Gain; Breakeven; Short-term; Cons. Hi-Freq,no,non-positive 3M total PnL; below 500 closed positions; below 80% win rate
552,6,52,0xae5d9a0d79550cc99bc5500ecba179d2cec3c53d,0xae5d...c53d,-157.69,-0.08,50,100,28,43,1,168933.76,whale_mid,2026-05-19T10:30:42.943663+00:00,2026-03-18T17:23:21.144000+00:00,Whale; Bearish; Small Gain; Volatile Profit; Swinger; Aggr. Low-Freq,no,non-positive 3M total PnL; below 500 closed positions; below 80% win rate; drawdown >= 15%
553,6,53,0x0df6722b3433bf56fd9ae41d718a927a3270fc86,0x0df6...fc86,-182.95,-0.65,30.43,100,115,443,2,30858.56,shark,2026-05-19T09:49:38.931332+00:00,2026-03-07T02:26:01.852400+00:00,Shark; Bearish; Mid Gain; Breakeven; Swinger; Aggr. Low-Freq,no,non-positive 3M total PnL; below 500 closed positions; below 80% win rate; drawdown >= 15%
554,6,54,0x42ebc46c56103852655138bad8304b6f36aeda36,0x42eb...da36,-193.24,-0.85,45.21,100,73,137,1,22910.51,shark,2026-05-19T09:52:57.216732+00:00,2026-03-11T18:44:05.546577+00:00,Shark; Bullish; Small Gain; Breakeven; Swinger; Aggr. Low-Freq,no,non-positive 3M total PnL; below 500 closed positions; below 80% win rate; drawdown >= 15%
555,6,55,0xf5eb799e8e49682796597627edac9afc7db74650,0xf5eb...4650,-212.55,-1.24,35,100,40,62,0,17099.09,shark,2026-05-19T09:57:53.569171+00:00,2026-03-07T17:14:03.687637+00:00,Shark; Bullish; Small Gain; Breakeven; Swinger; Aggr. Low-Freq,no,non-positive 3M total PnL; below 500 closed positions; below 80% win rate; drawdown >= 15%
556,6,56,0x760546425f459813716b1755c23f22b9a36e650d,0x7605...650d,-252.18,-1.42,63.64,100,11,29,0,12584.31,shark,2026-04-23T15:58:55.370811+00:00,2026-03-11T11:55:03.384444+00:00,Shark; Bullish; Small Gain; Volatile Profit; Long-term; Aggr. Low-Freq,no,non-positive 3M total PnL; below 500 closed positions; below 80% win rate; drawdown >= 15%
557,6,57,0xf43abd6f22a505c398c4c6c724578c863e8cc26b,0xf43a...c26b,-256.34,-1.35,46.37,13.13,1048,2000,0,8551.87,shark,2026-04-01T19:02:08.687084+00:00,2026-01-26T15:52:58.628000+00:00,Shark; Bullish; Mid Gain; Breakeven; Scalper; Cons. Hi-Freq,no,non-positive 3M total PnL; below 80% win rate
558,6,58,0xfe879ba6ad4ca09b11ba37c5fa70840a5a39a6d1,0xfe87...a6d1,-276.89,-1.45,77.78,100,36,68,1,14755.82,shark,2026-05-19T10:00:36.311753+00:00,2026-03-09T15:42:07.316098+00:00,Shark; Bullish; Small Gain; Volatile Profit; Swinger; Aggr. Low-Freq,no,non-positive 3M total PnL; below 500 closed positions; below 80% win rate; drawdown >= 15%
559,6,59,0x31b1ac74a39fa92604c3bccac20453f2e3eebfaa,0x31b1...bfaa,-299.79,-0.02,38.48,0.11,1042,2000,0,0,shark,2026-05-19T10:17:28.440910+00:00,2026-03-07T00:52:07.166662+00:00,Mega Whale; Bullish; Small Gain; Breakeven; Scalper; Cons. Hi-Freq,no,non-positive 3M total PnL; below 80% win rate
560,6,60,0x63efa83a4f195e81ccbf343b46fbfe715599a9c8,0x63ef...a9c8,-311.44,-1.04,60,100,5,34,0,27978.24,shark,2026-05-19T09:50:01.048845+00:00,2026-05-01T05:32:04.982000+00:00,Shark; Bullish; Small Gain; Volatile Profit; Swinger; Aggr. Low-Freq,no,non-positive 3M total PnL; below 500 closed positions; below 80% win rate; drawdown >= 15%
561,6,61,0x7d007eb1cb5b290d53da14be6483ca7d6ccc3c1a,0x7d00...3c1a,-315.01,-3.11,67.86,100,84,191,1,9168.18,shark,2026-05-19T10:06:03.275334+00:00,2026-03-10T15:01:04.499145+00:00,Shark; Bullish; Mid Gain; Volatile Profit; Long-term; Aggr. Low-Freq,no,non-positive 3M total PnL; below 500 closed positions; below 80% win rate; drawdown >= 15%
562,6,62,0x8cf5d0712eeb6aa2b32b5ec187c47b99d9751b35,0x8cf5...1b35,-324.38,-0.67,20,100,10,36,1,44389.16,shark,2026-05-19T09:46:15.015821+00:00,2025-11-07T20:32:39.851000+00:00,Shark; Bearish; Small Gain; Breakeven; Swinger; Aggr. Low-Freq,no,non-positive 3M total PnL; below 500 closed positions; below 80% win rate; drawdown >= 15%
563,6,63,0x0c24e8d2e37a2474fcb707b48c0c2259530dad80,0x0c24...ad80,-341.94,-3.32,57.26,100,117,434,3,8989.99,shark,2026-05-19T10:06:16.532768+00:00,2026-03-10T21:36:04.071611+00:00,Shrimp; Bullish; Small Gain; Volatile Profit; Swinger; Aggr. Low-Freq,no,non-positive 3M total PnL; below 500 closed positions; below 80% win rate; drawdown >= 15%
564,6,64,0xfbe3f499b8e5b19ec912de7f6438b73eb9bb62ef,0xfbe3...62ef,-345.32,-1.63,36.99,0,1038,2000,1,16678.84,shark,2026-05-19T09:58:14.604622+00:00,2026-03-07T00:46:13.594487+00:00,Shark; Bullish; Small Gain; Breakeven; Scalper; Cons. Hi-Freq,no,non-positive 3M total PnL; below 80% win rate
565,6,65,0x88cbc58e412f7f266d519ddd185e4938cf30969a,0x88cb...969a,-351.05,-1.06,26.83,0,41,389,0,10176.15,shark,2026-05-19T10:04:26.429230+00:00,2025-08-25T10:39:18.495000+00:00,Shark; Neutral; Small Gain; Volatile Profit; Swinger; Aggr. Low-Freq,no,non-positive 3M total PnL; below 500 closed positions; below 80% win rate
566,6,66,0xdcb167ae255c4385da37af6b8156fb1dff4f193c,0xdcb1...193c,-360.19,-3.05,12.5,100,16,25,0,2635.66,shark,2026-05-04T09:00:15.125477+00:00,2024-12-04T11:59:54.336000+00:00,Shark; Bullish; Small Gain; Breakeven; Swinger; Aggr. Low-Freq,no,non-positive 3M total PnL; below 500 closed positions; below 80% win rate; drawdown >= 15%
567,6,67,0x90542943a7455f57c5a7a8fb3dc4c84b213d8dc1,0x9054...8dc1,-360.52,-1.91,59.46,100,37,68,18,17407.45,shark,2026-04-30T12:42:51.976229+00:00,2026-03-10T17:50:03.339768+00:00,Shark; Bullish; Small Gain; Volatile Profit; Swinger; Aggr. Low-Freq,no,non-positive 3M total PnL; below 500 closed positions; below 80% win rate; drawdown >= 15%
568,6,68,0xaf8c393fd40c20accef9fa691d43400ebcfcc9ae,0xaf8c...c9ae,-369.79,-1.82,49.32,0,809,2000,1,22559.73,shark,2026-05-19T09:53:16.470590+00:00,2026-03-06T21:47:34.577144+00:00,Shark; Bullish; Small Gain; Breakeven; Scalper; Cons. Hi-Freq,no,non-positive 3M total PnL; below 80% win rate
569,6,69,0x0bcd59a7865639c65f7663326beb965a1276579a,0x0bcd...579a,-382.18,-0.27,35.71,100,14,14,0,0,shark,2026-05-19T10:18:03.630759+00:00,2025-09-15T04:38:30.882000+00:00,Whale; Bearish; Small Gain; Breakeven; Long-term; Aggr. Low-Freq,no,non-positive 3M total PnL; below 500 closed positions; below 80% win rate; drawdown >= 15%
570,6,70,0x2f1f1536f48dc6d700b455d3f2537dc32b0ac72f,0x2f1f...c72f,-384.19,-3.74,35.16,52.63,347,762,0,9688.57,shark,2026-04-08T06:40:36.951549+00:00,2025-09-28T13:00:39.250000+00:00,Shark; Bullish; Mid Gain; Breakeven; Short-term; Cons. Hi-Freq,no,non-positive 3M total PnL; below 500 closed positions; below 80% win rate; drawdown >= 15%
571,6,71,0xd3260f71906f8e4bfabdebd170f096ffa3260de8,0xd326...0de8,-424.23,-2.97,54.35,100,46,115,1,14689.15,shark,2026-05-19T10:00:36.782248+00:00,2026-03-09T19:52:04.226504+00:00,Shark; Bullish; Small Gain; Volatile Profit; Swinger; Aggr. Low-Freq,no,non-positive 3M total PnL; below 500 closed positions; below 80% win rate; drawdown >= 15%
572,6,72,0x17825a67223791795947036336cf1865520d04a1,0x1782...04a1,-427.14,-2.62,9.6,0,948,2000,5,70406.29,shark,2026-05-19T09:42:22.593225+00:00,2026-03-06T21:40:43.119890+00:00,Shark; Bullish; Mid Gain; Breakeven; Scalper; Cons. Hi-Freq,no,non-positive 3M total PnL; below 80% win rate
573,6,73,0xe3d15a3f0a678ac862ca79e9c3e66de5714846c1,0xe3d1...46c1,-430.73,-1.29,52.8,100,161,1043,83,28634.41,shark,2026-05-19T09:49:49.990559+00:00,2026-03-07T20:40:04.477207+00:00,Shark; Bullish; Mid Gain; Breakeven; Short-term; Cons. Hi-Freq,no,non-positive 3M total PnL; below 500 closed positions; below 80% win rate; drawdown >= 15%
574,6,74,0xc46f9c4cb5e73ffc9ed4de01510ba241ade55d5d,0xc46f...5d5d,-438.1,-3.44,22.58,0,341,836,50,12438.57,shark,2026-05-19T10:01:33.859988+00:00,2026-03-07T08:27:06.069977+00:00,Shark; Bullish; Mid Gain; Breakeven; Scalper; Cons. Hi-Freq,no,non-positive 3M total PnL; below 500 closed positions; below 80% win rate
575,6,75,0xd82cb57a8d039760a2073a96aa1a8d9eded94068,0xd82c...4068,-446.42,-0.22,50.05,0,1051,2000,100,165458.08,whale_mid,2026-05-19T10:30:44.784881+00:00,2026-03-07T00:48:13.452275+00:00,Whale; Bullish; Small Gain; Breakeven; Scalper; Cons. Hi-Freq,no,non-positive 3M total PnL; below 80% win rate
576,6,76,0x8c05b9d4c9df843417868411d9864dcdb90f81b2,0x8c05...81b2,-448.5,-1.92,54.55,100,11,132,1,34014.19,shark,2026-05-15T12:31:16.938142+00:00,2026-02-08T21:51:52.755000+00:00,Shark; Bearish; Small Gain; Volatile Profit; Swinger; Aggr. Low-Freq,no,non-positive 3M total PnL; below 500 closed positions; below 80% win rate; drawdown >= 15%
577,6,77,0x0c60ceee9c7b07dfcaca32f4ddb77ab61130189c,0x0c60...189c,-452.7,-0.58,56.57,0,99,237,1,38488.27,shark,2026-05-19T09:47:34.007124+00:00,2025-05-29T22:43:36.293000+00:00,Shark; Bullish; Small Gain; Volatile Profit; Swinger; Aggr. Low-Freq,no,non-positive 3M total PnL; below 500 closed positions; below 80% win rate
578,6,78,0xfe5e2202e403f8ad551ef3f5416d3671f11dacbb,0xfe5e...acbb,-464.16,-3.62,33.87,100,747,1534,0,12800.74,shark,2026-05-19T10:01:22.031834+00:00,2026-03-08T21:40:06.923003+00:00,Shark; Bullish; Small Gain; Breakeven; Scalper; Cons. Hi-Freq,no,non-positive 3M total PnL; below 80% win rate; drawdown >= 15%
579,6,79,0x11e83c1694cd861bc5bf0ed2bace928895926811,0x11e8...6811,-472.23,-0.92,0,0,94,525,0,51089.45,shark,2026-05-12T10:30:57.619664+00:00,2026-03-09T12:11:00.925000+00:00,Shark; Bullish; Small Gain; Breakeven; Scalper; Cons. Hi-Freq,no,non-positive 3M total PnL; below 500 closed positions; below 80% win rate
580,6,80,0x54804a13b7c7df2dfba45995d1fc374eb346cb46,0x5480...cb46,-475.05,-0.1,13.56,0,966,2000,0,489367.07,whale_mid,2026-05-19T10:29:31.928413+00:00,2026-05-16T06:40:45.994021+00:00,Whale; Bullish; Small Gain; Breakeven; Scalper; Cons. Hi-Freq,no,non-positive 3M total PnL; below 80% win rate
581,6,81,0xa447fe9e0a8ec289535d5b21e3dfc8636b3fae64,0xa447...ae64,-489.86,-0.49,70,100,20,49,1,99106.24,shark,2026-05-15T12:58:41.207504+00:00,2026-05-03T18:08:30.044000+00:00,Shark; Neutral; Small Gain; Volatile Profit; Swinger; Aggr. Low-Freq,no,non-positive 3M total PnL; below 500 closed positions; below 80% win rate; drawdown >= 15%
582,6,82,0xecd72f91031bd80d51ee555b4b6cd8b413935dc6,0xecd7...5dc6,-498.61,-0.7,33.33,0,6,16,0,71350.03,shark,2026-05-19T09:42:12.614990+00:00,2025-09-25T01:46:22.774000+00:00,Shark; Bullish; Small Gain; Volatile Profit; Long-term; Aggr. Low-Freq,no,non-positive 3M total PnL; below 500 closed positions; below 80% win rate
583,6,83,0x674d5ef9e717ac0675b4e6344a3bcbbd94e995d3,0x674d...95d3,-500.57,-2.45,36.7,100,910,1943,0,16556.22,shark,2026-05-19T09:58:15.677932+00:00,2026-01-28T22:12:44.715000+00:00,Shark; Bullish; Large Gain; Breakeven; Short-term; Cons. Hi-Freq,no,non-positive 3M total PnL; below 80% win rate; drawdown >= 15%
584,6,84,0x35759ed8bd59bfdeceb35971ae15dcc8d841e273,0x3575...e273,-511.1,-3.35,7.69,0,13,70,0,879.42,shark,2026-05-19T10:13:50.547407+00:00,2025-09-25T17:37:11.555000+00:00,Shark; Neutral; Small Gain; Breakeven; Long-term; Aggr. Low-Freq,no,non-positive 3M total PnL; below 500 closed positions; below 80% win rate
585,6,85,0xdbbd054ec5712b7563db9144686e534e3ed15067,0xdbbd...5067,-529.2,-2.19,44,100,50,71,0,22475.63,shark,2026-05-19T09:53:17.432288+00:00,2025-06-07T04:57:13.749000+00:00,Shark; Bullish; Mid Gain; Volatile Profit; Swinger; Aggr. Low-Freq,no,non-positive 3M total PnL; below 500 closed positions; below 80% win rate; drawdown >= 15%
586,6,86,0x7d233d6aa078c73c795413c6cd275809fc6355ec,0x7d23...55ec,-554.89,-2.84,25.69,0,253,691,50,19104.05,shark,2026-05-19T09:56:51.115851+00:00,2026-03-07T08:13:04.920180+00:00,Shark; Neutral; Mid Gain; Breakeven; Scalper; Cons. Hi-Freq,no,non-positive 3M total PnL; below 500 closed positions; below 80% win rate
587,6,87,0x1a51bcbc8d3642680d8267550f54e6e4cc5c4984,0x1a51...4984,-561.42,-2.75,74.14,100,58,158,11,25834.26,shark,2026-05-19T09:51:11.421024+00:00,2026-03-10T13:54:05.835000+00:00,Shark; Neutral; Large Gain; Volatile Profit; Swinger; Aggr. Low-Freq,no,non-positive 3M total PnL; below 500 closed positions; below 80% win rate; drawdown >= 15%
588,6,88,0xb1938cc3babe6cb8812c85a337829425e30de935,0xb193...e935,-565.33,-0.32,44.02,0,1129,2000,14,232728.97,whale_mid,2026-05-19T10:30:19.766975+00:00,2026-03-06T21:40:43.119783+00:00,Whale; Bullish; Small Gain; Breakeven; Scalper; Cons. Hi-Freq,no,non-positive 3M total PnL; below 80% win rate
589,6,89,0x2490aa2b48022e857d44e738911787c8e2296aed,0x2490...6aed,-579.38,-1.56,0,0,14,616,10,267847.15,whale_mid,2026-05-19T10:30:01.081585+00:00,2025-10-13T14:27:23.076000+00:00,Shark; Bearish; Small Gain; Breakeven; Scalper; Cons. Hi-Freq,no,non-positive 3M total PnL; below 500 closed positions; below 80% win rate
590,6,90,0xbcda96074512b8d5a75195b525a0d85c9b94b8d6,0xbcda...b8d6,-587.58,-1.3,44.73,100,313,630,1,24009.28,shark,2026-05-19T09:52:20.618146+00:00,2026-03-11T14:55:03.754183+00:00,Shark; Bullish; Large Gain; Breakeven; Short-term; Cons. Hi-Freq,no,non-positive 3M total PnL; below 500 closed positions; below 80% win rate; drawdown >= 15%
591,6,91,0x304e1e6202237490c0846432ecef02d0e366caba,0x304e...caba,-601.42,-3.55,100,100,23,40,2,8670.96,shark,2026-05-19T10:06:25.486500+00:00,2026-03-09T08:10:03.859774+00:00,Shark; Bullish; Mid Gain; Volatile Profit; Long-term; Aggr. Low-Freq,no,non-positive 3M total PnL; below 500 closed positions; drawdown >= 15%
592,6,92,0x81a0308562b59f248bfa47de36e3ffb33ec65a17,0x81a0...5a17,-601.95,-5.67,2.56,0,39,48,0,10628.07,shark,2026-05-19T10:03:16.936790+00:00,2026-03-09T15:07:04.559313+00:00,Shark; Bullish; Small Gain; Breakeven; Long-term; Aggr. Low-Freq,no,non-positive 3M total PnL; below 500 closed positions; below 80% win rate
593,6,93,0x7ff4d42bfb46d25b7d8b241652271a12d614ea60,0x7ff4...ea60,-608.02,-1.92,45.68,0,1180,2000,71,45615.98,shark,2026-05-19T09:45:32.638287+00:00,2026-03-07T01:19:04.788879+00:00,Shark; Bullish; Small Gain; Breakeven; Scalper; Cons. Hi-Freq,no,non-positive 3M total PnL; below 80% win rate
594,6,94,0x4731769b2c501b0d2f75c826bcab6d01dfa7f74e,0x4731...f74e,-625.26,-0.5,49.23,100,65,97,3,162658.43,whale_mid,2026-05-19T10:30:46.181930+00:00,2026-03-10T02:47:04.771211+00:00,Whale; Bullish; Small Gain; Breakeven; Swinger; Aggr. Low-Freq,no,non-positive 3M total PnL; below 500 closed positions; below 80% win rate; drawdown >= 15%
595,6,95,0x8f8185e24716464c6fdad8b669a723c8f998e681,0x8f81...e681,-665.32,-4.44,2.53,0,792,1999,0,1120.68,shark,2026-05-19T10:13:39.248011+00:00,2026-04-16T01:57:35.912715+00:00,Shark; Bullish; Mid Gain; Breakeven; Scalper; Cons. Hi-Freq,no,non-positive 3M total PnL; below 80% win rate
596,6,96,0xc4364b9792fa2bb375bc1013f87880e18864f00b,0xc436...f00b,-677.84,-2.46,53.23,100,310,994,6,53075.38,shark,2026-05-19T09:44:50.091257+00:00,2026-03-07T11:07:03.741033+00:00,Shark; Neutral; Mid Gain; Breakeven; Scalper; Cons. Hi-Freq,no,non-positive 3M total PnL; below 500 closed positions; below 80% win rate; drawdown >= 15%
597,6,97,0x43ac6e04191d9a2c80a80b8ec0cb4cca7ec286a1,0x43ac...86a1,-677.94,-1.4,71.63,100,846,1967,0,6828.56,shark,2026-05-19T10:09:13.470367+00:00,2026-03-02T01:00:00.188000+00:00,Shark; Neutral; Mid Gain; Breakeven; Scalper; Cons. Hi-Freq,no,non-positive 3M total PnL; below 80% win rate; drawdown >= 15%
598,6,98,0x2a3d10e209b6f44a463f3adddc3fd7bf9a08ce04,0x2a3d...ce04,-679.1,-3.11,20,100,10,12,2,11445.67,shark,2026-05-19T10:04:08.496999+00:00,2025-11-09T22:59:40.894000+00:00,Shark; Bearish; Mid Gain; Breakeven; Long-term; Aggr. Low-Freq,no,non-positive 3M total PnL; below 500 closed positions; below 80% win rate; drawdown >= 15%
599,6,99,0x429d821e190fd37fb8572322922efee78bfb9a01,0x429d...9a01,-679.74,-1.91,44.2,100,957,2000,1,6127.34,shark,2026-05-19T10:09:39.383281+00:00,2026-03-09T16:53:03.831677+00:00,Shark; Bullish; Large Gain; Breakeven; Scalper; Cons. Hi-Freq,no,non-positive 3M total PnL; below 80% win rate; drawdown >= 15%
600,6,100,0x49ca400439b023ba159f063caf8d5dc6af9ebc01,0x49ca...bc01,-693.67,-5.16,26.88,5.29,253,646,2,3054.28,shark,2026-03-23T14:05:17.962072+00:00,2024-01-30T11:05:37.950000+00:00,Shark; Bullish; Mid Gain; Breakeven; Scalper; Cons. Hi-Freq,no,non-positive 3M total PnL; below 500 closed positions; below 80% win rate
601,7,1,0xf7128274d8ec9d25694e34912beab3d4b2f50130,0xf712...0130,-697.45,-4.61,10.71,0,28,49,0,13873.24,shark,2026-05-19T10:00:57.314789+00:00,2026-03-09T19:53:04.080433+00:00,Shark; Bullish; Mid Gain; Breakeven; Long-term; Aggr. Low-Freq,no,non-positive 3M total PnL; below 500 closed positions; below 80% win rate
602,7,2,0x36cb4a39bd08b87b227af5f435c9ce2ad85d9bdd,0x36cb...9bdd,-703.78,-5.16,30.19,100,308,596,7,9144.89,shark,2026-05-19T10:06:13.964659+00:00,2026-03-09T17:06:03.770369+00:00,Shark; Bullish; Mid Gain; Breakeven; Short-term; Cons. Hi-Freq,no,non-positive 3M total PnL; below 500 closed positions; below 80% win rate; drawdown >= 15%
603,7,3,0x1256d61968a62465e473eca891d8112a5270ee81,0x1256...ee81,-717.53,-2.45,35.71,100,14,57,1,30104.26,shark,2026-05-15T12:32:03.729097+00:00,2025-11-24T06:18:49.827000+00:00,Shark; Bullish; Mid Gain; Breakeven; Swinger; Aggr. Low-Freq,no,non-positive 3M total PnL; below 500 closed positions; below 80% win rate; drawdown >= 15%
604,7,4,0xb2f087d19c66e8ff0846507928976f5cf2d3e817,0xb2f0...e817,-762.88,-4.72,32.18,0,87,416,1,12475.67,shark,2026-05-19T10:01:33.079537+00:00,2026-05-17T06:37:04.145000+00:00,Shark; Bearish; Mid Gain; Breakeven; Short-term; Cons. Hi-Freq,no,non-positive 3M total PnL; below 500 closed positions; below 80% win rate
605,7,5,0x672b9aaaa65cc16ade1b32b46178c1dc2341a06b,0x672b...a06b,-782.33,-6.69,51.87,24.97,856,2000,80,16431.29,shark,2026-05-19T09:58:15.755600+00:00,2025-12-20T18:09:41.467000+00:00,Shark; Bullish; Small Gain; Breakeven; Scalper; Cons. Hi-Freq,no,non-positive 3M total PnL; below 80% win rate; drawdown >= 15%
606,7,6,0x0cd235d8ac11d458549a11ed2c2df8761595a684,0x0cd2...a684,-805.58,-7.89,48.75,100,240,980,6,4487.33,shark,2026-05-19T10:10:35.550372+00:00,2026-03-07T11:06:07.392568+00:00,Shark; Bearish; Mid Gain; Breakeven; Short-term; Cons. Hi-Freq,no,non-positive 3M total PnL; below 500 closed positions; below 80% win rate; drawdown >= 15%
607,7,7,0x3dca7a9135e87c62ac74084bc73973948649d021,0x3dca...d021,-810.99,-1.22,48.2,100,2338,4098,2,64493.18,shark,2026-05-19T09:43:40.392748+00:00,2026-02-25T12:23:18.567000+00:00,Shark; Neutral; Small Gain; Breakeven; Scalper; Cons. Hi-Freq,no,non-positive 3M total PnL; below 80% win rate; drawdown >= 15%
608,7,8,0x2244d772791b91b757b680e8a866f6b369f64499,0x2244...4499,-862.66,-4.05,15.79,4.13,190,426,1,27614.57,shark,2026-05-19T09:51:11.729202+00:00,2026-03-06T08:22:33.063000+00:00,Shark; Neutral; Mid Gain; Breakeven; Short-term; Cons. Hi-Freq,no,non-positive 3M total PnL; below 500 closed positions; below 80% win rate
609,7,9,0xbdf070edc4a1f7b3bb04c9256ae2794bda22e4cb,0xbdf0...e4cb,-874.79,-3.25,45.28,0,53,118,1,23057.54,shark,2026-05-19T10:00:33.785767+00:00,2026-03-09T02:41:03.647522+00:00,Shark; Bullish; Small Gain; Breakeven; Long-term; Aggr. Low-Freq,no,non-positive 3M total PnL; below 500 closed positions; below 80% win rate
610,7,10,0x487b700ea4429a9498a62cdcd0cdd45e95ecf86b,0x487b...f86b,-874.82,-1.19,0,0,83,776,1,9083.66,shark,2026-04-22T09:57:07.976243+00:00,2026-04-19T15:30:45.490000+00:00,Shark; Bullish; Small Gain; Breakeven; Scalper; Cons. Hi-Freq,no,non-positive 3M total PnL; below 500 closed positions; below 80% win rate
611,7,11,0x7b6b8bd548adacb268716850fbcfd389d8ca91b7,0x7b6b...91b7,-893.56,-7.46,67.06,100,252,508,1,2369.46,shark,2026-05-19T10:12:25.463322+00:00,2026-03-08T02:54:03.650058+00:00,Shark; Bullish; Large Gain; Sustained Profit; Short-term; Cons. Hi-Freq,no,non-positive 3M total PnL; below 500 closed positions; below 80% win rate; drawdown >= 15%
612,7,12,0xb5f4c49fc359093f80c63656bf2ab45837f12983,0xb5f4...2983,-894.08,-1.39,31.56,100,957,1894,50,62966.15,shark,2026-05-19T09:43:51.901701+00:00,2026-02-23T08:35:08.383000+00:00,Shark; Bullish; Mid Gain; Breakeven; Scalper; Cons. Hi-Freq,no,non-positive 3M total PnL; below 80% win rate; drawdown >= 15%
613,7,13,0x9673a036e42df37c7dc7a30107101ebd1470fcb5,0x9673...fcb5,-896.65,-7.39,62.5,100,72,208,8,13712.97,shark,2026-05-19T10:00:57.729198+00:00,2026-03-10T16:57:02.752303+00:00,Shark; Bullish; Large Gain; Breakeven; Long-term; Aggr. Low-Freq,no,non-positive 3M total PnL; below 500 closed positions; below 80% win rate; drawdown >= 15%
614,7,14,0x9fec59e8a88a19297f068dc18d169fe4cebbce8c,0x9fec...ce8c,-916.55,-8.43,21.99,100,141,143,0,0.01,shark,2026-05-19T10:15:14.036511+00:00,2025-08-13T17:47:36.607000+00:00,Shark; Bullish; Mid Gain; Breakeven; Swinger; Aggr. Low-Freq,no,non-positive 3M total PnL; below 500 closed positions; below 80% win rate; drawdown >= 15%
615,7,15,0x8ac470dc1906637399a53deef8da20e928628ef5,0x8ac4...8ef5,-978.29,-3.98,34.78,100,23,48,1,60138.23,shark,2026-05-19T09:44:22.167890+00:00,2026-03-10T07:12:03.277380+00:00,Shark; Bullish; Mid Gain; Breakeven; Long-term; Aggr. Low-Freq,no,non-positive 3M total PnL; below 500 closed positions; below 80% win rate; drawdown >= 15%
616,7,16,0x513b17960306ca65bc5be955cb3e89565d205c9f,0x513b...5c9f,-978.9,-1.1,31.25,100,272,303,1,54857.79,shark,2026-05-19T09:44:37.739862+00:00,2025-09-26T00:50:33.020000+00:00,Shark; Bullish; Mid Gain; Volatile Profit; Swinger; Aggr. Low-Freq,no,non-positive 3M total PnL; below 500 closed positions; below 80% win rate; drawdown >= 15%
617,7,17,0x80e4ea580cf517a65aaffa85c05fc4a13e612ada,0x80e4...2ada,-989.48,-0.99,0,0,4,524,0,100085.32,whale_mid,2026-03-25T10:15:09.712962+00:00,2025-12-02T23:10:58.769000+00:00,Whale; Bearish; Small Gain; Breakeven; Scalper; Cons. Hi-Freq,no,non-positive 3M total PnL; below 500 closed positions; below 80% win rate
618,7,18,0x4577d927a39ea40c024ad81c0ce15959176346c7,0x4577...46c7,-1012.07,-10.09,45.45,100,88,181,1,10069.76,shark,2026-05-19T10:04:42.542605+00:00,2025-05-07T16:07:25.893000+00:00,Shark; Bullish; Mid Gain; Volatile Profit; Swinger; Aggr. Low-Freq,no,non-positive 3M total PnL; below 500 closed positions; below 80% win rate; drawdown >= 15%
619,7,19,0x009c0ae1fcf640382922f486141812778ce12699,0x009c...2699,-1048.65,-8.05,21.09,0,128,333,1,14791.3,shark,2026-03-31T12:07:24.751614+00:00,2026-03-07T08:45:03.502964+00:00,Shark; Bullish; Mid Gain; Breakeven; Short-term; Cons. Hi-Freq,no,non-positive 3M total PnL; below 500 closed positions; below 80% win rate
620,7,20,0x144313a16dc284187e963848cb494a8b544e7a58,0x1443...7a58,-1051.51,-0.63,31.08,0,325,714,1,160183.76,whale_mid,2026-04-27T04:33:38.614961+00:00,2025-10-20T14:05:54.160000+00:00,Whale; Neutral; Small Gain; Breakeven; Scalper; Cons. Hi-Freq,no,non-positive 3M total PnL; below 500 closed positions; below 80% win rate
621,7,21,0x62bd34dc7fc39789733785436a9bbe66d0e1a9fa,0x62bd...a9fa,-1052.36,-7.59,19.66,0,178,367,0,17099.41,shark,2026-05-19T09:57:53.309554+00:00,2025-08-27T12:38:13.022000+00:00,Shark; Bullish; Mid Gain; Breakeven; Short-term; Cons. Hi-Freq,no,non-positive 3M total PnL; below 500 closed positions; below 80% win rate
622,7,22,0x5d53c4df879ed574543a0cb450bb058a656679ea,0x5d53...79ea,-1065.7,-2.46,48.04,0,997,2000,0,19071.4,shark,2026-05-19T06:10:12.449221+00:00,2026-03-07T01:14:05.905374+00:00,Shark; Bullish; Mid Gain; Breakeven; Scalper; Cons. Hi-Freq,no,non-positive 3M total PnL; below 80% win rate
623,7,23,0xb7c1eddef1ad6f163908ebf454f239d287a11c8d,0xb7c1...1c8d,-1073.94,-5.37,38.46,7.09,208,601,4,19416.59,shark,2026-03-19T14:48:56.768095+00:00,2026-02-18T03:21:44.059000+00:00,Shark; Bullish; Mid Gain; Breakeven; Scalper; Cons. Hi-Freq,no,non-positive 3M total PnL; below 500 closed positions; below 80% win rate
624,7,24,0x041b64c4b56559710c27a8b407d61d1d60c66226,0x041b...6226,-1085.03,-3.72,21.88,0,64,366,1,22828.85,shark,2026-05-19T09:53:00.772278+00:00,2026-03-22T03:50:57.436000+00:00,Shark; Bullish; Mid Gain; Breakeven; Short-term; Cons. Hi-Freq,no,non-positive 3M total PnL; below 500 closed positions; below 80% win rate
625,7,25,0x7116470134e289f7fefb0922902e28200e471447,0x7116...1447,-1099.91,-1.33,61.46,100,96,598,30,67779.06,shark,2026-05-19T09:43:13.724604+00:00,2025-12-07T11:56:16.257000+00:00,Shark; Bullish; Mid Gain; Volatile Profit; Swinger; Aggr. Low-Freq,no,non-positive 3M total PnL; below 500 closed positions; below 80% win rate; drawdown >= 15%
626,7,26,0x71868968c841c6261edf201d0d10b020771340b8,0x7186...40b8,-1119.28,-0.7,63.16,100,38,52,1,114160.76,whale_mid,2026-05-19T10:31:35.729232+00:00,2025-05-19T10:00:54.141000+00:00,Whale; Neutral; Small Gain; Volatile Profit; Long-term; Aggr. Low-Freq,no,non-positive 3M total PnL; below 500 closed positions; below 80% win rate; drawdown >= 15%
627,7,27,0xcd6fac1aaf900bf047b667c02f0ea8624d5e18d8,0xcd6f...18d8,-1132.26,-6.91,40.28,100,360,865,0,16457,shark,2026-05-19T09:58:22.630839+00:00,2026-03-07T18:19:03.662001+00:00,Shark; Bullish; Small Gain; Breakeven; Swinger; Aggr. Low-Freq,no,non-positive 3M total PnL; below 500 closed positions; below 80% win rate; drawdown >= 15%
628,7,28,0x9a4e7217a286e278d45e6ac3716062fd38425e02,0x9a4e...5e02,-1154.75,-4.98,53.57,100,28,69,1,2709.94,shark,2026-04-30T09:27:42.700437+00:00,2026-03-12T00:52:04.556565+00:00,Shark; Bullish; Mid Gain; Volatile Profit; Swinger; Aggr. Low-Freq,no,non-positive 3M total PnL; below 500 closed positions; below 80% win rate; drawdown >= 15%
629,7,29,0x77e5bf2ddb6e46b3740f9ae00497c3854056b35d,0x77e5...b35d,-1189.14,-5.03,29.03,100,31,58,1,17286.48,shark,2026-05-18T17:02:22.746251+00:00,2026-03-30T15:31:59.374000+00:00,Shark; Bullish; Mid Gain; Breakeven; Swinger; Aggr. Low-Freq,no,non-positive 3M total PnL; below 500 closed positions; below 80% win rate; drawdown >= 15%
630,7,30,0xb917af520af31bd0183d99d9c0be80e121b0ee3a,0xb917...ee3a,-1207.92,-4.64,95.16,100,62,76,0,26017.01,shark,2026-05-19T09:51:08.764624+00:00,2024-12-02T16:27:44.669000+00:00,Shark; Bullish; Mid Gain; Volatile Profit; Long-term; Aggr. Low-Freq,no,non-positive 3M total PnL; below 500 closed positions; drawdown >= 15%
631,7,31,0xb01d0612743a3401b16bef157bd69a909e3cd1dd,0xb01d...d1dd,-1210.32,-0.83,52.14,100,117,336,3,167360.22,whale_mid,2026-05-19T10:30:44.074695+00:00,2026-01-07T00:00:00.119000+00:00,Whale; Bullish; Small Gain; Volatile Profit; Swinger; Aggr. Low-Freq,no,non-positive 3M total PnL; below 500 closed positions; below 80% win rate; drawdown >= 15%
632,7,32,0x6e4d47dad1e97833f4ecb0ef56347ba8e6fd1c0e,0x6e4d...1c0e,-1221.96,-1.3,72.46,100,276,793,2,104505.1,whale_mid,2026-05-19T10:31:50.723910+00:00,2025-10-12T22:12:57.531000+00:00,Shark; Neutral; Large Gain; Breakeven; Short-term; Cons. Hi-Freq,no,non-positive 3M total PnL; below 500 closed positions; below 80% win rate; drawdown >= 15%
633,7,33,0xe90bf24e807df04f1513d50002d78bfc22ee84d9,0xe90b...84d9,-1244.34,-6.16,35.65,0,864,2000,1,31241.21,shark,2026-05-19T09:49:15.909677+00:00,2026-03-06T21:42:31.589622+00:00,Shark; Bullish; Mid Gain; Breakeven; Scalper; Cons. Hi-Freq,no,non-positive 3M total PnL; below 80% win rate
634,7,34,0x4b563051258ade30122940b80f575363baa4445b,0x4b56...445b,-1245.87,-8.24,0,0,7,350,1,37690.5,shark,2026-05-06T22:24:28.957815+00:00,2026-01-25T16:51:40.845000+00:00,Shark; Bullish; Mid Gain; Breakeven; Short-term; Cons. Hi-Freq,no,non-positive 3M total PnL; below 500 closed positions; below 80% win rate
635,7,35,0x7a194301f8552e71c8d3d8c0062d898b333fe66f,0x7a19...e66f,-1271.03,-9.08,35.68,16.89,412,927,2,12077.2,shark,2026-05-19T10:02:02.666219+00:00,2023-09-23T05:29:45.463000+00:00,Shark; Neutral; Mid Gain; Breakeven; Short-term; Cons. Hi-Freq,no,non-positive 3M total PnL; below 500 closed positions; below 80% win rate; drawdown >= 15%
636,7,36,0x0ac3a08f610bf7763c303898b276b9ae6d7a301e,0x0ac3...301e,-1287.55,-2.73,64.29,100,28,80,1,31560.16,shark,2026-05-19T09:49:09.789037+00:00,2024-11-12T13:27:10.800000+00:00,Shark; Bullish; Mid Gain; Volatile Profit; Swinger; Aggr. Low-Freq,no,non-positive 3M total PnL; below 500 closed positions; below 80% win rate; drawdown >= 15%
637,7,37,0x8b6d7870383a3b96f80781d55ea996a350eb0a88,0x8b6d...0a88,-1287.92,-4.19,28.44,100,545,1199,8,26527.3,shark,2026-05-19T09:50:18.615894+00:00,2026-03-07T22:01:04.681185+00:00,Shark; Bullish; Mid Gain; Breakeven; Short-term; Cons. Hi-Freq,no,non-positive 3M total PnL; below 80% win rate; drawdown >= 15%
638,7,38,0x6764ee2439cc72b6daa890bcc47ae5b148c54388,0x6764...4388,-1310.16,-12.68,66.67,100,948,2000,1,28912.2,shark,2026-05-19T09:50:09.967037+00:00,2026-03-08T11:02:03.890415+00:00,Shrimp; Neutral; Large Gain; Sustained Profit; Short-term; Asymmetric Pro,no,non-positive 3M total PnL; below 80% win rate; drawdown >= 15%
639,7,39,0x03b3d7811f5c520fa7d6fb487ca8f6a47df03d85,0x03b3...3d85,-1324.66,-1.34,42.44,1.55,1515,2000,21,391.16,shark,2026-05-13T13:29:22.970889+00:00,2026-02-06T08:57:08.195000+00:00,Shark; Bullish; Small Gain; Breakeven; Scalper; Cons. Hi-Freq,no,non-positive 3M total PnL; below 80% win rate
640,7,40,0x094484706776758a02bfe0e46c2e80f49c563dc2,0x0944...3dc2,-1366.43,-6.01,19.76,9.12,759,1717,0,22744.87,shark,2026-05-19T09:52:59.899395+00:00,2025-12-11T11:44:21.205000+00:00,Shark; Bullish; Mid Gain; Breakeven; Short-term; Cons. Hi-Freq,no,non-positive 3M total PnL; below 80% win rate
641,7,41,0x9f9b38968c3ba644906942c54543399b4b582f7c,0x9f9b...2f7c,-1387.33,-13.82,16.67,100,48,76,0,10039.09,shark,2026-04-17T00:32:33.941581+00:00,2026-04-02T21:06:53.159000+00:00,Shark; Bullish; Large Gain; Breakeven; Swinger; Aggr. Low-Freq,no,non-positive 3M total PnL; below 500 closed positions; below 80% win rate; drawdown >= 15%
642,7,42,0x5669371d2244a0b78626fa0ef5aec77eaed18892,0x5669...8892,-1409.44,-6.7,27.78,100,36,65,1,19127.83,shark,2026-05-19T09:56:49.797418+00:00,2026-03-08T00:00:05.884467+00:00,Shark; Bullish; Mid Gain; Breakeven; Long-term; Aggr. Low-Freq,no,non-positive 3M total PnL; below 500 closed positions; below 80% win rate; drawdown >= 15%
643,7,43,0x3e051c89cd06e6867ce98c758fcc665d2148e1bb,0x3e05...e1bb,-1410.03,-1.56,47.87,2.39,422,2000,9,328.37,shark,2026-05-19T10:14:14.828957+00:00,2026-03-04T15:57:23.715000+00:00,Shark; Bullish; Small Gain; Breakeven; Scalper; Cons. Hi-Freq,no,non-positive 3M total PnL; below 500 closed positions; below 80% win rate
644,7,44,0xe3caca44f5c5a8ed8ff25fec21565e7afe71d6a7,0xe3ca...d6a7,-1418.86,-4.09,30.87,8.43,149,415,1,15167.77,shark,2026-04-25T05:29:18.146500+00:00,2024-12-01T13:20:45.219000+00:00,Shark; Neutral; Mid Gain; Breakeven; Short-term; Cons. Hi-Freq,no,non-positive 3M total PnL; below 500 closed positions; below 80% win rate
645,7,45,0xde2a55e6ab06d05385fc936a3a3345ca6812767f,0xde2a...767f,-1424.88,-4.1,32.45,100,379,937,1,38067.3,shark,2026-05-19T09:47:44.030405+00:00,2025-09-04T16:24:47.261000+00:00,Shark; Bullish; Mid Gain; Breakeven; Scalper; Cons. Hi-Freq,no,non-positive 3M total PnL; below 500 closed positions; below 80% win rate; drawdown >= 15%
646,7,46,0x744e212d37bb1279fb29adbd6f01018533447554,0x744e...7554,-1439.45,-0.85,45.17,0,1045,2000,30,122960.69,whale_mid,2026-05-19T10:31:29.324565+00:00,2026-03-07T03:00:11.685372+00:00,Whale; Bullish; Small Gain; Breakeven; Scalper; Cons. Hi-Freq,no,non-positive 3M total PnL; below 80% win rate
647,7,47,0x1a2e6afa298b1cc50939b4b2b0b430e3c1ef3459,0x1a2e...3459,-1450.99,-13.61,46.39,0,996,2000,1,24084.13,shark,2026-05-19T09:52:29.421250+00:00,2026-03-07T00:33:29.096597+00:00,Shark; Bullish; Large Gain; Breakeven; Scalper; Cons. Hi-Freq,no,non-positive 3M total PnL; below 80% win rate
648,7,48,0x826f2575de69937919df77f0c272376dfacd4511,0x826f...4511,-1458.4,-12.52,69.51,100,82,174,1,1568.34,shark,2026-05-18T20:25:46.066340+00:00,2026-03-07T11:14:03.399134+00:00,Shrimp; Neutral; Large Gain; Breakeven; Long-term; Aggr. Low-Freq,no,non-positive 3M total PnL; below 500 closed positions; below 80% win rate; drawdown >= 15%
649,7,49,0x73e7d45f0c214e66fa5955412da093f6072530f4,0x73e7...30f4,-1472,-5.8,64.52,41.75,62,114,1,5209.38,shark,2026-03-24T12:22:44.966535+00:00,2025-12-08T16:38:03.007000+00:00,Shark; Bullish; Large Gain; Volatile Profit; Swinger; Aggr. Low-Freq,no,non-positive 3M total PnL; below 500 closed positions; below 80% win rate; drawdown >= 15%
650,7,50,0x0bbda924fb2a03a3e838ce3deeb4d0836cf1a28c,0x0bbd...a28c,-1482.03,-4.94,0.78,0,128,350,1,18209.17,shark,2026-05-11T22:00:59.466313+00:00,2026-05-04T13:00:16.867000+00:00,Shark; Bearish; Mid Gain; Breakeven; Short-term; Cons. Hi-Freq,no,non-positive 3M total PnL; below 500 closed positions; below 80% win rate
651,7,51,0x7c61aed79097029cbd6f617bbed2c65a8b42d95d,0x7c61...d95d,-1516,-9.88,39.96,0,458,2000,12,17081.94,shark,2026-05-19T09:57:52.684485+00:00,2026-03-07T01:04:14.638326+00:00,Shark; Bullish; Mid Gain; Breakeven; Scalper; Cons. Hi-Freq,no,non-positive 3M total PnL; below 500 closed positions; below 80% win rate
652,7,52,0x4d3183c1babfe058780fec0c81a7486ee4045315,0x4d31...5315,-1580.17,-9.94,1.49,0,402,901,1,22597.92,shark,2026-04-30T17:01:14.630896+00:00,2026-01-18T11:48:14.638000+00:00,Shark; Neutral; Mid Gain; Breakeven; Scalper; Cons. Hi-Freq,no,non-positive 3M total PnL; below 500 closed positions; below 80% win rate
653,7,53,0x9b96ac44f9ab72a3b362a440a098b1771e75d3a3,0x9b96...d3a3,-1588.32,-15.44,68.75,0,32,92,1,805.2,shark,2026-05-19T10:13:51.140601+00:00,2026-03-11T02:50:04.134698+00:00,Shark; Bullish; Mid Gain; Volatile Profit; Long-term; Aggr. Low-Freq,no,non-positive 3M total PnL; below 500 closed positions; below 80% win rate
654,7,54,0x9848a28343dd74edb05ea1fcb838ad71df0fe641,0x9848...e641,-1598.99,-2.57,37.17,100,113,247,1,61652.97,shark,2026-05-19T09:43:58.238614+00:00,2024-03-06T05:58:17.229000+00:00,Shark; Neutral; Small Gain; Volatile Profit; Swinger; Aggr. Low-Freq,no,non-positive 3M total PnL; below 500 closed positions; below 80% win rate; drawdown >= 15%
655,7,55,0x4042e69a64916a7620c89332ab8b295634407e8e,0x4042...7e8e,-1634.51,-14.25,37.28,100,389,849,0,25140.78,shark,2026-05-19T09:51:21.921087+00:00,2026-03-07T17:12:04.584515+00:00,Shark; Bullish; Large Gain; Breakeven; Scalper; Cons. Hi-Freq,no,non-positive 3M total PnL; below 500 closed positions; below 80% win rate; drawdown >= 15%
656,7,56,0x753c5aece597657994fc8ac4dc7c77a561a03c9b,0x753c...3c9b,-1654.69,-13.69,45.07,100,142,380,1,17172.43,shark,2026-05-19T09:57:52.392849+00:00,2026-03-08T14:59:05.333683+00:00,Shrimp; Bullish; Mid Gain; Breakeven; Swinger; Aggr. Low-Freq,no,non-positive 3M total PnL; below 500 closed positions; below 80% win rate; drawdown >= 15%
657,7,57,0x1b1b3b03c20bce2f4777b505058277513bc8cc21,0x1b1b...cc21,-1657.57,-5.05,12.37,100,380,626,0,56515.95,shark,2026-05-19T09:44:35.877780+00:00,2025-08-27T17:21:48.537000+00:00,Shark; Neutral; Mid Gain; Breakeven; Short-term; Cons. Hi-Freq,no,non-positive 3M total PnL; below 500 closed positions; below 80% win rate; drawdown >= 15%
658,7,58,0x581bf7dcfd416450f3c26c7854253bd972ba0c2f,0x581b...0c2f,-1697.61,-7.25,0.2,100,507,2000,1,18260.17,shark,2026-05-19T09:57:28.279337+00:00,2026-03-10T07:06:07.710206+00:00,Shark; Bullish; Small Gain; Breakeven; Scalper; Cons. Hi-Freq,no,non-positive 3M total PnL; below 80% win rate; drawdown >= 15%
659,7,59,0xd11a880a60b889f9e88d260a3be04accd60c0efe,0xd11a...0efe,-1699.18,-0.39,30.4,0,1000,2000,67,27816.07,shark,2026-05-19T09:49:18.831039+00:00,2026-03-06T22:07:40.918820+00:00,Whale; Bullish; Small Gain; Breakeven; Scalper; Cons. Hi-Freq,no,non-positive 3M total PnL; below 80% win rate
660,7,60,0x423482e5941bc345837df9ade60884ca4ed07f11,0x4234...7f11,-1747.87,-1.4,37.15,0,1152,2000,2,10815.52,shark,2026-05-19T10:02:18.315032+00:00,2026-03-08T14:51:03.810602+00:00,Shark; Bullish; Small Gain; Breakeven; Scalper; Cons. Hi-Freq,no,non-positive 3M total PnL; below 80% win rate
661,7,61,0xd70cd6e8758ddd21206b2db3f428c6ec5e98769c,0xd70c...769c,-1771.47,-1.91,48.74,14.86,911,2000,2,23191.35,shark,2026-04-07T11:15:22.610638+00:00,2026-03-04T14:16:51.391000+00:00,Shark; Bullish; Small Gain; Breakeven; Scalper; Cons. Hi-Freq,no,non-positive 3M total PnL; below 80% win rate
662,7,62,0xb78c47284ff1d036bc0ae8c5e42f514dbc419990,0xb78c...9990,-1777.03,-17.26,0,0,1110,2000,3,10338.03,shark,2026-05-19T10:04:11.610102+00:00,2026-03-07T08:14:04.482796+00:00,Shark; Bullish; Large Gain; Breakeven; Scalper; Cons. Hi-Freq,no,non-positive 3M total PnL; below 80% win rate
663,7,63,0x0f604acde2b88077cdf9579d520cb3e9003ad67a,0x0f60...d67a,-1782.54,-127.91,25.89,0,1012,2000,6,2557.84,shark,2026-04-10T18:46:42.577207+00:00,2026-03-19T23:01:44.094032+00:00,Shrimp; Bullish; Large Gain; Breakeven; Scalper; Cons. Hi-Freq,no,non-positive 3M total PnL; below 80% win rate
664,7,64,0xd00306a33881d78f5391dfbd31ade7213234b667,0xd003...b667,-1807.63,-2.73,28.38,100,916,1815,50,65763.47,shark,2026-05-19T09:43:36.676820+00:00,2026-03-03T08:43:28.082000+00:00,Shark; Bullish; Mid Gain; Breakeven; Scalper; Cons. Hi-Freq,no,non-positive 3M total PnL; below 80% win rate; drawdown >= 15%
665,7,65,0x39c6ec4d27f5d86f1dbe1695417aecb0b956160c,0x39c6...160c,-1846.92,0,83.33,100,24,229,0,416.16,shark,2026-05-19T10:14:13.284306+00:00,2024-08-12T13:36:40.487000+00:00,Shrimp; Bullish; Small Gain; Volatile Profit; Swinger; Aggr. Low-Freq,no,non-positive 3M total PnL; below 500 closed positions; drawdown >= 15%
666,7,66,0x1518ff8f921ae7b04c39805bcb026672978b794d,0x1518...794d,-1887.28,-6.76,24.08,100,764,2000,0,27367.13,shark,2026-05-19T09:50:08.676205+00:00,2026-03-07T08:21:05.479486+00:00,Shark; Bullish; Mid Gain; Breakeven; Scalper; Cons. Hi-Freq,no,non-positive 3M total PnL; below 80% win rate; drawdown >= 15%
667,7,67,0xd94606128b20680539a719b07bca6cbc30786a28,0xd946...6a28,-1895.78,-1.84,5.36,100,915,1952,0,0.01,shark,2026-05-19T10:17:05.018844+00:00,2026-02-23T02:10:03.293000+00:00,Whale; Bearish; Small Gain; Breakeven; Short-term; Cons. Hi-Freq,no,non-positive 3M total PnL; below 80% win rate; drawdown >= 15%
668,7,68,0x69d1652ae43f819e7518f732b2ea6b1a8ad00336,0x69d1...0336,-1981.13,-0.64,38.57,0,757,2000,9,437981.66,whale_mid,2026-05-19T10:29:38.904488+00:00,2026-03-06T22:01:30.327848+00:00,Whale; Neutral; Small Gain; Breakeven; Scalper; Cons. Hi-Freq,no,non-positive 3M total PnL; below 80% win rate
669,7,69,0x7397a7148e26320f1eb00f1798238a2ac4c8ac65,0x7397...ac65,-1987.34,-14.37,59.83,0,117,243,3,14610.3,shark,2026-05-19T10:00:37.087812+00:00,2026-03-08T10:26:04.474334+00:00,Shark; Bullish; Mid Gain; Volatile Profit; Swinger; Aggr. Low-Freq,no,non-positive 3M total PnL; below 500 closed positions; below 80% win rate
670,7,70,0x73f79ea920e9ec8144428637f9f6a92a9c7f1072,0x73f7...1072,-2002.03,-3.25,27.2,100,930,1811,50,61251.17,shark,2026-05-19T09:44:06.751093+00:00,2026-03-03T08:30:19.241000+00:00,Shark; Bullish; Mid Gain; Breakeven; Scalper; Cons. Hi-Freq,no,non-positive 3M total PnL; below 80% win rate; drawdown >= 15%
671,7,71,0x117e2f6258afda15b837def6c942e6bcac1ffbf1,0x117e...fbf1,-2032.22,-2.86,24.59,0,61,87,1,38731.38,shark,2026-05-19T09:47:36.262197+00:00,2026-01-24T10:03:36.214000+00:00,Shark; Bullish; Small Gain; Volatile Profit; Swinger; Aggr. Low-Freq,no,non-positive 3M total PnL; below 500 closed positions; below 80% win rate
672,7,72,0x984494c0d7324fd4981ef44d42b01c66125934ea,0x9844...34ea,-2038.52,-10.08,51.52,100,33,54,1,20125.93,shark,2026-05-19T09:56:02.876262+00:00,2025-12-06T00:36:36.915000+00:00,Shark; Bullish; Large Gain; Volatile Profit; Swinger; Aggr. Low-Freq,no,non-positive 3M total PnL; below 500 closed positions; below 80% win rate; drawdown >= 15%
673,7,73,0x4281922345d503589ac331a2cae1e48368cc3f94,0x4281...3f94,-2043.96,-0.55,0,0,54,1050,1,214864.94,whale_mid,2026-05-19T10:30:23.310793+00:00,2026-04-13T12:34:03.908000+00:00,Whale; Bearish; Small Gain; Breakeven; Scalper; Cons. Hi-Freq,no,non-positive 3M total PnL; below 500 closed positions; below 80% win rate
674,7,74,0x006a6549b090df7d5f75d52f1af797e5342ae00c,0x006a...e00c,-2059.06,-8.42,26.97,100,89,174,2,4456.27,shark,2026-05-19T10:10:34.618933+00:00,2026-03-08T16:59:05.423415+00:00,Shark; Bullish; Mid Gain; Breakeven; Swinger; Aggr. Low-Freq,no,non-positive 3M total PnL; below 500 closed positions; below 80% win rate; drawdown >= 15%
675,7,75,0x13f45c8d5c2d7d18bec3190661a3083c8ae85804,0x13f4...5804,-2085.97,-19.92,8.04,0,821,2000,59,7061.89,shark,2026-05-19T10:09:04.037043+00:00,2026-03-07T06:18:10.207250+00:00,Shark; Neutral; Large Gain; Breakeven; Scalper; Cons. Hi-Freq,no,non-positive 3M total PnL; below 80% win rate
676,7,76,0x6a7fb420f31483b8a6cc6ce02e26e4787aed2d43,0x6a7f...2d43,-2166.9,-19.36,40.1,0,394,972,2,4093.19,shark,2026-05-19T09:13:27.963743+00:00,2026-03-07T06:12:14.233332+00:00,Shark; Bullish; Large Gain; Breakeven; Short-term; Cons. Hi-Freq,no,non-positive 3M total PnL; below 500 closed positions; below 80% win rate
677,7,77,0xf6911bfd93dff11066362be90d90291983899e56,0xf691...9e56,-2288.94,-2.79,30.97,0,268,607,1,17695.74,shark,2026-05-13T21:47:23.912579+00:00,2026-04-20T20:34:13.010000+00:00,Shark; Bullish; Mid Gain; Breakeven; Scalper; Cons. Hi-Freq,no,non-positive 3M total PnL; below 500 closed positions; below 80% win rate
678,7,78,0xdb0d5a738082039c5a7df56026a63c367f14bd4a,0xdb0d...bd4a,-2293.64,-21.03,20.06,0,1037,2000,0,656.69,shark,2026-05-19T10:14:03.703050+00:00,2026-03-07T03:34:02.116001+00:00,Shrimp; Bullish; Large Gain; Breakeven; Scalper; Cons. Hi-Freq,no,non-positive 3M total PnL; below 80% win rate
679,7,79,0xe24ff1a890b1e6bc399f0c8f249cdbada97a6271,0xe24f...6271,-2331.17,-19.39,18.59,0,979,2000,1,2359.42,shark,2026-04-11T22:35:24.784077+00:00,2026-03-11T12:06:03.073079+00:00,Shark; Bullish; Large Gain; Breakeven; Scalper; Cons. Hi-Freq,no,non-positive 3M total PnL; below 80% win rate
680,7,80,0x9c4627ac5bdc5e2a00aa9264fc81ac70c34e9f63,0x9c46...9f63,-2336.43,-14.18,19.08,0,849,1999,1,478.98,shark,2026-05-19T09:15:12.493085+00:00,2026-05-12T14:07:26.778178+00:00,Shark; Bullish; Large Gain; Breakeven; Scalper; Cons. Hi-Freq,no,non-positive 3M total PnL; below 80% win rate
681,7,81,0xf3e7549ec1242d396bc6318b206cb35304165d28,0xf3e7...5d28,-2337.95,-0.84,56.52,100,23,86,1,271433.35,whale_mid,2026-05-19T10:30:00.154135+00:00,2025-10-29T15:36:42.906000+00:00,Whale; Neutral; Small Gain; Volatile Profit; Swinger; Aggr. Low-Freq,no,non-positive 3M total PnL; below 500 closed positions; below 80% win rate; drawdown >= 15%
682,7,82,0x1b85f29401e3c772866705ad8d6c2758ae9aea44,0x1b85...ea44,-2348.23,-18.76,53.85,100,39,71,0,13182.07,shark,2026-05-14T12:33:04.737343+00:00,2025-08-22T12:08:56.471000+00:00,Shark; Neutral; Mid Gain; Volatile Profit; Swinger; Aggr. Low-Freq,no,non-positive 3M total PnL; below 500 closed positions; below 80% win rate; drawdown >= 15%
683,7,83,0x0272ec6b528511f6d6d10f034df8eab8ec2e6fec,0x0272...6fec,-2356.12,-18.82,47.56,100,881,2000,1,24310.54,shark,2026-05-19T09:52:20.107695+00:00,2025-12-14T23:55:37.031000+00:00,Shark; Bullish; Mid Gain; Breakeven; Scalper; Cons. Hi-Freq,no,non-positive 3M total PnL; below 80% win rate; drawdown >= 15%
684,7,84,0x7a51ce9751493a2448c3ebc76667c6e7cf27900d,0x7a51...900d,-2373.88,-2.82,25.85,0,236,473,1,189446.38,whale_mid,2026-05-19T10:30:34.128334+00:00,2026-05-05T19:14:28.152000+00:00,Shark; Bullish; Mid Gain; Breakeven; Short-term; Cons. Hi-Freq,no,non-positive 3M total PnL; below 500 closed positions; below 80% win rate
685,7,85,0x2435ed340454ecbbcafdd00985766f8632d3a78a,0x2435...a78a,-2483.77,-18.23,17.56,0,262,536,1,3409.17,shark,2026-05-10T07:55:09.996273+00:00,2026-03-10T00:00:10.251754+00:00,Shark; Bullish; Mid Gain; Volatile Profit; Long-term; Aggr. Low-Freq,no,non-positive 3M total PnL; below 500 closed positions; below 80% win rate
686,7,86,0x71e53cece54659183f9fd22119ad76ff78e2614f,0x71e5...614f,-2521.81,-4.54,38.32,0,107,304,1,32246.87,shark,2026-05-18T20:12:45.380013+00:00,2026-04-23T07:31:40.681000+00:00,Shark; Bullish; Mid Gain; Breakeven; Short-term; Cons. Hi-Freq,no,non-positive 3M total PnL; below 500 closed positions; below 80% win rate
687,7,87,0x501a79b03007719f0b7833c99de8cbe68ccb31ae,0x501a...31ae,-2534.55,-13.91,52,27.37,50,79,1,4073.39,shark,2026-05-19T10:10:44.875519+00:00,2025-11-13T20:06:08.908000+00:00,Shark; Bullish; Small Gain; Volatile Profit; Swinger; Aggr. Low-Freq,no,non-positive 3M total PnL; below 500 closed positions; below 80% win rate; drawdown >= 15%
688,7,88,0xcfa55ad0264f3e5095c2dbbaede64d8e7cf96f07,0xcfa5...6f07,-2538.45,-2.27,25,0,128,359,6,175075.95,whale_mid,2026-05-19T10:30:40.698054+00:00,2026-04-26T02:38:07.079000+00:00,Whale; Bullish; Mid Gain; Breakeven; Short-term; Cons. Hi-Freq,no,non-positive 3M total PnL; below 500 closed positions; below 80% win rate
689,7,89,0x38220b4d6a183fe055c82a90acacedbcc96263e4,0x3822...63e4,-2672,-4.56,25.95,100,894,1800,50,57325.46,shark,2026-05-19T09:44:34.327617+00:00,2026-03-03T08:39:59.256000+00:00,Shark; Bullish; Mid Gain; Breakeven; Scalper; Cons. Hi-Freq,no,non-positive 3M total PnL; below 80% win rate; drawdown >= 15%
690,7,90,0x3b59d8c2f4e3b30ff229d9c18dc4e126c76db2ba,0x3b59...b2ba,-2686.88,-3.18,27.27,100,33,103,1,83464.39,shark,2026-05-19T10:39:11.305320+00:00,2026-01-04T19:10:58.384000+00:00,Shark; Bullish; Small Gain; Breakeven; Swinger; Aggr. Low-Freq,no,non-positive 3M total PnL; below 500 closed positions; below 80% win rate; drawdown >= 15%
691,7,91,0xf9d5aa669b007610c14b58073e54f1aa93adea26,0xf9d5...ea26,-2736.72,-2.81,38.17,100,1593,4459,1,74463.9,shark,2026-05-19T09:41:16.834823+00:00,2026-02-24T14:04:51.408000+00:00,Shark; Bullish; Large Gain; Sustained Profit; Scalper; Asymmetric Pro,no,non-positive 3M total PnL; below 80% win rate; drawdown >= 15%
692,7,92,0x3eed44cff2f92a0aebde399197caf4815f98651a,0x3eed...651a,-2757.09,-10,12,0,25,68,0,27559.74,shark,2026-04-21T00:22:13.961054+00:00,2025-09-12T05:55:32.422000+00:00,Shark; Bullish; Mid Gain; Breakeven; Swinger; Aggr. Low-Freq,no,non-positive 3M total PnL; below 500 closed positions; below 80% win rate
693,7,93,0x2594e08791eb5db6b102cb4a0742cb5c40cef3f4,0x2594...f3f4,-2845.83,-3.43,19.17,0,360,1500,5,43921.81,shark,2026-05-19T09:45:42.899602+00:00,2026-05-08T14:56:19.860000+00:00,Shark; Bullish; Mid Gain; Breakeven; Scalper; Cons. Hi-Freq,no,non-positive 3M total PnL; below 500 closed positions; below 80% win rate
694,7,94,0xdda207de733004a3b8d9a06fa2d394880a4a756a,0xdda2...756a,-2851.44,-20.72,50,0,12,41,0,5611.09,shark,2026-05-19T10:10:04.771884+00:00,2026-03-10T10:23:03.980695+00:00,Shark; Neutral; Mid Gain; Volatile Profit; Long-term; Aggr. Low-Freq,no,non-positive 3M total PnL; below 500 closed positions; below 80% win rate
695,7,95,0xd3ce841dc3f2f0a77d73fd70f4ac11bb01cf1b77,0xd3ce...1b77,-2867.47,-3.07,61.33,100,75,173,0,114935.91,whale_mid,2026-05-19T10:31:37.623950+00:00,2025-08-26T22:13:50.903000+00:00,Shark; Neutral; Small Gain; Volatile Profit; Swinger; Aggr. Low-Freq,no,non-positive 3M total PnL; below 500 closed positions; below 80% win rate; drawdown >= 15%
696,7,96,0x577a00a0ee907ee481791049477a3c1fa1470568,0x577a...0568,-2880.13,-2.05,27.65,0,1009,1817,1,301891.83,whale_mid,2026-05-19T10:29:55.387861+00:00,2026-05-12T00:24:40.111000+00:00,Whale; Neutral; Mid Gain; Breakeven; Scalper; Cons. Hi-Freq,no,non-positive 3M total PnL; below 80% win rate
697,7,97,0x64a2f935ccd0e8f7700155a30b5fed7f6f04529c,0x64a2...529c,-2909.03,-26.52,45.76,41.74,1084,2000,2,6734.18,shark,2026-05-19T10:09:13.315769+00:00,2026-02-04T20:09:34.046000+00:00,Shark; Bullish; Large Gain; Breakeven; Scalper; Cons. Hi-Freq,no,non-positive 3M total PnL; below 80% win rate; drawdown >= 15%
698,7,98,0x8439fa25a5421d3f8b3280014364b5361216d93b,0x8439...d93b,-2935.08,-129.31,82.2,100,410,738,1,2081.07,shark,2026-05-19T10:13:11.063577+00:00,2026-02-03T15:02:10.467000+00:00,Shrimp; Neutral; Large Gain; Breakeven; Swinger; Aggr. Low-Freq,no,non-positive 3M total PnL; below 500 closed positions; drawdown >= 15%
699,7,99,0x15a141990fc6591838646467273c41c92999772f,0x15a1...772f,-2964.15,-2.97,71.15,100,52,134,3,100374.37,whale_mid,2026-05-19T10:33:07.292430+00:00,2025-11-21T02:16:39.137000+00:00,Shark; Bullish; Small Gain; Volatile Profit; Swinger; Aggr. Low-Freq,no,non-positive 3M total PnL; below 500 closed positions; below 80% win rate; drawdown >= 15%
700,7,100,0x6b099198a717566290ab1dba98264c96f6e2fbd4,0x6b09...fbd4,-2967.36,-4.11,40.82,6.54,316,759,1,1.15,shark,2026-04-04T18:13:10.330339+00:00,2026-04-01T14:22:12.861000+00:00,Shark; Bullish; Mid Gain; Breakeven; Scalper; Cons. Hi-Freq,no,non-positive 3M total PnL; below 500 closed positions; below 80% win rate
701,8,1,0x24c1e663e5a810a48251f60e6d11c7e3f13278fa,0x24c1...78fa,-2988.21,-20.24,42.86,0,28,65,0,0.01,shark,2026-05-19T10:15:25.004163+00:00,2025-09-09T09:23:03.424000+00:00,Shark; Neutral; Mid Gain; Volatile Profit; Swinger; Aggr. Low-Freq,no,non-positive 3M total PnL; below 500 closed positions; below 80% win rate
702,8,2,0xd405f0f2d5dfb6763743e52f2bae44de8dd349d3,0xd405...49d3,-3033.87,-6.08,75.5,31.37,902,2000,1,5497.59,shark,2026-05-18T15:16:17.633059+00:00,2026-01-09T01:06:32.069000+00:00,Shark; Bullish; Mid Gain; Breakeven; Short-term; Cons. Hi-Freq,no,non-positive 3M total PnL; below 80% win rate; drawdown >= 15%
703,8,3,0xb2ba45cb4b94dc2b02d815010e7f5ab6faedb5e0,0xb2ba...b5e0,-3061.53,-25.25,47.71,54.97,262,711,2,5878.58,shark,2026-04-12T03:57:40.032519+00:00,2026-03-12T10:45:04.330903+00:00,Shark; Neutral; Large Gain; Breakeven; Short-term; Cons. Hi-Freq,no,non-positive 3M total PnL; below 500 closed positions; below 80% win rate; drawdown >= 15%
704,8,4,0x9663ddce96055f201dd8fbc52178aa3430b90509,0x9663...0509,-3080.69,-28.89,59.38,100,32,140,2,1274.25,shark,2026-05-15T12:59:52.952836+00:00,2026-03-08T09:00:08.314729+00:00,Shark; Bullish; Small Gain; Volatile Profit; Swinger; Aggr. Low-Freq,no,non-positive 3M total PnL; below 500 closed positions; below 80% win rate; drawdown >= 15%
705,8,5,0x4bd123fb1dc2b1eb210c59017737e3e708aebe17,0x4bd1...be17,-3085.99,-3.79,61.06,11.24,624,1159,7,150635.3,whale_mid,2026-05-19T10:31:02.682145+00:00,2025-11-06T19:47:08.205000+00:00,Shark; Neutral; Large Gain; Sustained Profit; Short-term; Cons. Hi-Freq,no,non-positive 3M total PnL; below 80% win rate
706,8,6,0xa35a4242e259876b2a174f050c436f7c14a496d2,0xa35a...96d2,-3102.52,-3.53,36.24,0,516,992,2,81192.42,shark,2026-05-19T09:40:41.588857+00:00,2026-05-14T15:09:20.587000+00:00,Shark; Bullish; Mid Gain; Breakeven; Scalper; Cons. Hi-Freq,no,non-positive 3M total PnL; below 80% win rate
707,8,7,0x712fa2a9b1b3934d39578aeadb89dd10ed18bd5b,0x712f...bd5b,-3117.79,-4.3,55.81,100,1869,3663,0,37771.51,shark,2026-05-19T07:52:54.304466+00:00,2025-06-10T14:00:40.849000+00:00,Shark; Bullish; Large Gain; Breakeven; Scalper; Cons. Hi-Freq,no,non-positive 3M total PnL; below 80% win rate; drawdown >= 15%
708,8,8,0x1a6132837f1857196677f06515041bb817affe9e,0x1a61...fe9e,-3164.08,-3.89,38.96,0,1386,3058,2,48514.83,shark,2026-05-19T09:45:17.860213+00:00,2026-03-08T07:48:03.584262+00:00,Shark; Bullish; Mid Gain; Breakeven; Scalper; Cons. Hi-Freq,no,non-positive 3M total PnL; below 80% win rate
709,8,9,0x89c1b4ac0850aef084e1571a31b1cb11f187c4c4,0x89c1...c4c4,-3277.58,-9.55,61.76,0,34,94,1,33635.36,shark,2026-05-19T09:48:18.792856+00:00,2026-03-08T09:05:03.404544+00:00,Shark; Neutral; Mid Gain; Volatile Profit; Swinger; Aggr. Low-Freq,no,non-positive 3M total PnL; below 500 closed positions; below 80% win rate
710,8,10,0x785dfdd35794693b7f9059bf4d4bc845bceaa461,0x785d...a461,-3308.42,-2.67,46.83,100,284,681,1,136163.31,whale_mid,2026-05-19T10:31:19.441730+00:00,2026-03-07T12:30:03.816045+00:00,Whale; Bullish; Large Gain; Breakeven; Scalper; Cons. Hi-Freq,no,non-positive 3M total PnL; below 500 closed positions; below 80% win rate; drawdown >= 15%
711,8,11,0x4b3cce31121f4dbb881034166022f0eb1f6ed984,0x4b3c...d984,-3312.8,-14.35,48,0,902,2000,10,21415.73,shark,2026-05-19T09:53:53.224400+00:00,2026-03-07T08:06:03.075268+00:00,Shark; Bullish; Large Gain; Breakeven; Scalper; Cons. Hi-Freq,no,non-positive 3M total PnL; below 80% win rate
712,8,12,0xd9003796cc1781b1a6dfbccae25a7efc60727a6b,0xd900...7a6b,-3315.68,-18.72,47.34,0,976,2000,82,38531.67,shark,2026-05-19T09:47:37.428830+00:00,2026-03-06T22:10:27.970864+00:00,Shark; Bullish; Large Gain; Breakeven; Scalper; Cons. Hi-Freq,no,non-positive 3M total PnL; below 80% win rate
713,8,13,0x252b0d1c7077894e5ba58b22c83118b26805e6b5,0x252b...e6b5,-3332.75,-11,28,0,50,108,0,24239.99,shark,2026-05-19T09:52:22.692899+00:00,2024-11-24T11:08:46.762000+00:00,Shark; Bullish; Mid Gain; Breakeven; Swinger; Aggr. Low-Freq,no,non-positive 3M total PnL; below 500 closed positions; below 80% win rate
714,8,14,0x4e4cdfeb4105c7a458f381373e21a3bc3ad78ece,0x4e4c...8ece,-3351.76,-3.37,18.51,0,956,2051,3,123486.28,whale_mid,2026-05-19T10:31:28.626559+00:00,2026-03-09T10:48:03.634154+00:00,Shark; Neutral; Mid Gain; Breakeven; Scalper; Cons. Hi-Freq,no,non-positive 3M total PnL; below 80% win rate
715,8,15,0x546fe1ba130da27336c88bac5da6a608480f6878,0x546f...6878,-3406.62,-16.68,53.67,0,995,2000,4,50154.03,shark,2026-05-19T09:44:56.407192+00:00,2026-03-08T11:43:03.732297+00:00,Shark; Bullish; Large Gain; Breakeven; Scalper; Asymmetric Pro,no,non-positive 3M total PnL; below 80% win rate
716,8,16,0xbc927e87d072dfac3693846a83fa6922cc6c5f2a,0xbc92...5f2a,-3407.42,-0.87,27.36,0,2080,4734,22,662484.74,whale,2026-05-19T10:29:08.793804+00:00,2026-03-07T07:18:29.090755+00:00,Whale; Bullish; Small Gain; Breakeven; Scalper; Cons. Hi-Freq,no,non-positive 3M total PnL; below 80% win rate
717,8,17,0x48b5c751c2d63ac9134ce31f8d3e08b6836f6ee0,0x48b5...6ee0,-3522.85,-0.81,32.5,0,880,2000,54,424743.39,whale_mid,2026-05-19T10:29:40.649225+00:00,2026-03-06T21:46:30.328655+00:00,Whale; Bullish; Small Gain; Breakeven; Scalper; Cons. Hi-Freq,no,non-positive 3M total PnL; below 80% win rate
718,8,18,0x6e6f2ca77afaee5a22dc3cf0f903f39a548a82a6,0x6e6f...82a6,-3567.35,-0.39,59.13,100,2185,3889,14,499818.6,whale_mid,2026-05-19T10:29:29.168729+00:00,2026-03-07T00:29:01.585319+00:00,Mega Whale; Bullish; Small Gain; Breakeven; Scalper; Cons. Hi-Freq,no,non-positive 3M total PnL; below 80% win rate; drawdown >= 15%
719,8,19,0x94ae4c80ad68791f1c83e6397a5143f2d7e8790b,0x94ae...790b,-3693.56,-24.71,33.2,0,503,1227,1,3198.49,shark,2026-05-19T10:11:11.457947+00:00,2026-03-07T08:18:03.040808+00:00,Shark; Bullish; Mid Gain; Breakeven; Scalper; Cons. Hi-Freq,no,non-positive 3M total PnL; below 80% win rate
720,8,20,0xb64903680e0ece4ac2eb21d2a315975738dd49c9,0xb649...49c9,-3773.62,-7.26,73.85,100,283,693,0,56996.99,shark,2026-05-19T09:44:34.702976+00:00,2026-01-16T14:03:22.052000+00:00,Shark; Bullish; Large Gain; Volatile Profit; Swinger; Aggr. Low-Freq,no,non-positive 3M total PnL; below 500 closed positions; below 80% win rate; drawdown >= 15%
721,8,21,0xcfeb0092b618621aaba725e545c8c8678dabe2f9,0xcfeb...e2f9,-3781.2,-29.94,52.7,100,704,2000,1,4346.58,shark,2026-05-19T10:10:37.001604+00:00,2026-03-08T12:17:04.566045+00:00,Shark; Neutral; Large Gain; Breakeven; Scalper; Cons. Hi-Freq,no,non-positive 3M total PnL; below 80% win rate; drawdown >= 15%
722,8,22,0x6e80e868b482206f4dc55c0d3b989bbf340e6b27,0x6e80...6b27,-3817.46,-4.49,44.33,0,864,1783,1,848.72,shark,2026-04-25T11:28:33.245308+00:00,2026-03-22T16:40:50.982000+00:00,Shark; Bullish; Mid Gain; Breakeven; Scalper; Cons. Hi-Freq,no,non-positive 3M total PnL; below 80% win rate
723,8,23,0x50415b9d886892be314f5cbaf600c3a4b625cbe5,0x5041...cbe5,-3850.86,-4.07,36.91,100,1379,2413,0,68704.44,shark,2026-05-19T09:43:10.322610+00:00,2025-10-02T14:13:02.850000+00:00,Shark; Bullish; Mid Gain; Breakeven; Scalper; Cons. Hi-Freq,no,non-positive 3M total PnL; below 80% win rate; drawdown >= 15%
724,8,24,0x3fe404ae27cc5eef4a08e226ae2ac4f5be7a06c4,0x3fe4...06c4,-3936.77,-9.51,37.12,100,924,2000,3,16976.93,shark,2026-05-19T09:57:28.131240+00:00,2026-03-07T13:12:03.120772+00:00,Shark; Bullish; Large Gain; Breakeven; Scalper; Cons. Hi-Freq,no,non-positive 3M total PnL; below 80% win rate; drawdown >= 15%
725,8,25,0xcc0a81b8e8a8c05548034fcebede79023ac84897,0xcc0a...4897,-3961.36,-9.62,77.26,14.41,884,1742,1,19915.94,shark,2026-03-29T21:09:34.596651+00:00,2026-01-02T22:50:04.321000+00:00,Shark; Bullish; Large Gain; Breakeven; Scalper; Cons. Hi-Freq,no,non-positive 3M total PnL; below 80% win rate
726,8,26,0x77544b6c1fc3f076871456831ac602b0b4509a3c,0x7754...9a3c,-3990.02,-12.62,36.23,0,944,2000,1,15624.49,shark,2026-05-19T09:59:15.402792+00:00,2026-03-07T10:18:03.488261+00:00,Shark; Bullish; Large Gain; Breakeven; Scalper; Cons. Hi-Freq,no,non-positive 3M total PnL; below 80% win rate
727,8,27,0x4ab33fbfd05a04763b15f21b1f7c94a4738c6c97,0x4ab3...6c97,-4012.38,-8.66,57.83,0,166,253,0,44530.01,shark,2026-05-19T09:45:52.956599+00:00,2025-09-23T03:31:43.733000+00:00,Shark; Bullish; Small Gain; Volatile Profit; Swinger; Aggr. Low-Freq,no,non-positive 3M total PnL; below 500 closed positions; below 80% win rate
728,8,28,0x4f67680ed589c995177481778d48a754703b5b79,0x4f67...5b79,-4017.68,-1.15,13.32,0,1134,2000,36,229371.3,whale_mid,2026-05-19T10:30:19.951855+00:00,2026-03-07T07:51:03.773435+00:00,Whale; Bullish; Small Gain; Breakeven; Scalper; Cons. Hi-Freq,no,non-positive 3M total PnL; below 80% win rate
729,8,29,0x77b8d80755406a7cc3b2787fd1272e5410214edb,0x77b8...4edb,-4023.95,-5.84,31.2,100,250,1128,11,105759.79,whale_mid,2026-05-19T10:32:05.988564+00:00,2026-02-02T08:25:28.045000+00:00,Shark; Bullish; Mid Gain; Breakeven; Scalper; Cons. Hi-Freq,no,non-positive 3M total PnL; below 500 closed positions; below 80% win rate; drawdown >= 15%
730,8,30,0x696b24ad67d6ddec981ae295053ea9dd1a75df41,0x696b...df41,-4176.69,-45.27,32.03,0,281,637,4,498.23,shark,2026-05-12T09:27:49.563259+00:00,2026-03-07T01:07:08.304342+00:00,Shrimp; Bullish; Large Gain; Breakeven; Scalper; Cons. Hi-Freq,no,non-positive 3M total PnL; below 500 closed positions; below 80% win rate
731,8,31,0x66a1f599976be9b699caaf33b7766bdea6412022,0x66a1...2022,-4216.1,-31.09,27.56,100,1005,2000,0,10815,shark,2026-05-19T10:03:06.312802+00:00,2026-03-09T05:07:03.385359+00:00,Shark; Bullish; Large Gain; Breakeven; Short-term; Cons. Hi-Freq,no,non-positive 3M total PnL; below 80% win rate; drawdown >= 15%
732,8,32,0x0defb183ac5fedbf37930c17fd7a19b15fb788c1,0x0def...88c1,-4220.12,-16.93,52.04,100,196,403,0,22219.01,shark,2026-05-19T09:53:22.129999+00:00,2026-03-08T12:11:03.189874+00:00,Shark; Bullish; Large Gain; Breakeven; Short-term; Cons. Hi-Freq,no,non-positive 3M total PnL; below 500 closed positions; below 80% win rate; drawdown >= 15%
733,8,33,0xfe8c8076596dd917a20a31007ced69ce339129a1,0xfe8c...29a1,-4223.35,-17.18,43.3,100,896,2000,1,7934.55,shark,2026-05-19T10:06:33.777807+00:00,2026-03-07T00:48:02.324810+00:00,Shark; Bullish; Large Gain; Breakeven; Scalper; Cons. Hi-Freq,no,non-positive 3M total PnL; below 80% win rate; drawdown >= 15%
734,8,34,0xc079691cdfd1ee47601d9885aad11ab9e0a6b081,0xc079...b081,-4250.08,-6.88,39.34,100,61,445,1,70347.9,shark,2026-05-19T09:42:24.649101+00:00,2025-05-21T07:12:45.708000+00:00,Shark; Bullish; Mid Gain; Breakeven; Swinger; Aggr. Low-Freq,no,non-positive 3M total PnL; below 500 closed positions; below 80% win rate; drawdown >= 15%
735,8,35,0xc4b2879001501f32bc319546a2da38ea7f5b9736,0xc4b2...9736,-4272.3,-9.87,0,0,41,699,1,34911.69,shark,2026-05-19T09:47:59.673661+00:00,2025-12-10T17:36:14.193000+00:00,Shark; Bullish; Mid Gain; Breakeven; Scalper; Cons. Hi-Freq,no,non-positive 3M total PnL; below 500 closed positions; below 80% win rate
736,8,36,0x7cd7ea8a61e48fc48f5a18502c0622e53d159347,0x7cd7...9347,-4275.9,-6.59,3.84,100,834,1429,3,63874.71,shark,2026-05-19T09:43:41.334318+00:00,2025-10-22T20:41:36.440000+00:00,Shark; Bullish; Mid Gain; Breakeven; Short-term; Cons. Hi-Freq,no,non-positive 3M total PnL; below 80% win rate; drawdown >= 15%
737,8,37,0xec612df9f5427f84de9ce38d878b46274619e1c9,0xec61...e1c9,-4278.08,-17.87,46.39,100,526,1183,1,17519.97,shark,2026-05-19T09:57:28.609045+00:00,2026-03-09T20:55:04.922263+00:00,Shark; Bullish; Large Gain; Breakeven; Scalper; Cons. Hi-Freq,no,non-positive 3M total PnL; below 80% win rate; drawdown >= 15%
738,8,38,0xf3e1db8ad3b3c816b457ccd1a6fc343c4797956e,0xf3e1...956e,-4278.14,-36.67,35.14,100,350,673,1,11888.95,shark,2026-05-19T10:02:03.993221+00:00,2026-03-07T15:40:06.067566+00:00,Shark; Bullish; Large Gain; Breakeven; Short-term; Cons. Hi-Freq,no,non-positive 3M total PnL; below 500 closed positions; below 80% win rate; drawdown >= 15%
739,8,39,0xc2f094439cd1fc45af3e8a679984927abab0d3d9,0xc2f0...d3d9,-4282.52,-26.55,21.62,0,185,457,2,18867.41,shark,2026-05-19T09:56:21.390698+00:00,2024-09-17T00:00:00.004000+00:00,Shark; Bullish; Large Gain; Breakeven; Short-term; Cons. Hi-Freq,no,non-positive 3M total PnL; below 500 closed positions; below 80% win rate
740,8,40,0xa4196f2c678d125f4b51c5a38e11815ce260ee8b,0xa419...ee8b,-4297.46,-36.99,40,0,45,170,3,10538.64,shark,2026-04-02T05:18:29.688384+00:00,2026-01-11T07:29:43.781000+00:00,Shark; Bullish; Large Gain; Breakeven; Swinger; Aggr. Low-Freq,no,non-positive 3M total PnL; below 500 closed positions; below 80% win rate
741,8,41,0x8016229bfb30e1d7221fcb25651632299c34dce4,0x8016...dce4,-4300.51,-42.99,25.81,0,31,54,0,10000,shark,2026-05-19T10:04:44.901844+00:00,2025-12-29T00:36:13.064000+00:00,Shark; Neutral; Small Gain; Breakeven; Swinger; Aggr. Low-Freq,no,non-positive 3M total PnL; below 500 closed positions; below 80% win rate
742,8,42,0x229bc918d0676abc7df598982ab0572a47c5d928,0x229b...d928,-4312.05,-23.27,0,0,502,746,1,35720.67,shark,2026-05-18T14:43:18.837532+00:00,2026-05-13T19:23:53.857000+00:00,Shark; Bullish; Large Gain; Breakeven; Scalper; Cons. Hi-Freq,no,non-positive 3M total PnL; below 80% win rate
743,8,43,0x3cc6bb0e6401fba256e8d0efa380f5a55a86a266,0x3cc6...a266,-4327.4,-5.26,34.2,6.64,2000,2000,0,0.05,shark,2026-05-19T10:14:57.476298+00:00,2026-02-10T14:48:09.940000+00:00,Shark; Bullish; Mid Gain; Breakeven; Scalper; Cons. Hi-Freq,no,non-positive 3M total PnL; below 80% win rate
744,8,44,0x658519696e816f206802f599aa1915792ae43d70,0x6585...3d70,-4400.21,-13.9,0,0,415,415,1,0.08,shark,2026-05-11T08:55:19.935672+00:00,2026-04-22T20:04:56.687000+00:00,Shark; Bullish; Large Gain; Breakeven; Short-term; Cons. Hi-Freq,no,non-positive 3M total PnL; below 500 closed positions; below 80% win rate
745,8,45,0xd92748f465bd38e1626bda6236c3a849bfe522c7,0xd927...22c7,-4408.76,-24.17,20.79,0,938,2000,0,8958.2,shark,2026-05-14T11:43:27.232999+00:00,2026-03-07T04:13:04.895103+00:00,Shark; Bullish; Large Gain; Breakeven; Scalper; Cons. Hi-Freq,no,non-positive 3M total PnL; below 80% win rate
746,8,46,0x643430283b19fa5bd70a1138b495c2b43523cdd5,0x6434...cdd5,-4422.64,-1.05,43.54,100,1107,1932,8,243822.5,whale_mid,2026-05-19T10:30:17.244391+00:00,2026-03-04T19:11:55.745000+00:00,Whale; Neutral; Mid Gain; Breakeven; Scalper; Cons. Hi-Freq,no,non-positive 3M total PnL; below 80% win rate; drawdown >= 15%
747,8,47,0xc4fc92b0cf993b4fe0895aaabf4ba02ecbf45b50,0xc4fc...5b50,-4565.26,-15.41,13.6,100,331,840,1,31113.49,shark,2026-05-19T09:49:16.075984+00:00,2026-03-09T03:52:03.349676+00:00,Shark; Neutral; Small Gain; Breakeven; Scalper; Cons. Hi-Freq,no,non-positive 3M total PnL; below 500 closed positions; below 80% win rate; drawdown >= 15%
748,8,48,0xb112e018e4f68fd1e5b742840fb104928fb6b2c2,0xb112...b2c2,-4571.1,-15.61,33.33,100,30,43,0,3115.38,shark,2026-05-19T10:11:29.659456+00:00,2025-02-11T20:20:44.457000+00:00,Shark; Neutral; Large Gain; Volatile Profit; Swinger; Aggr. Low-Freq,no,non-positive 3M total PnL; below 500 closed positions; below 80% win rate; drawdown >= 15%
749,8,49,0xd7ff86f4413c95b4e7828adef99701d7cea61007,0xd7ff...1007,-4583.53,-7.28,44.07,100,894,1879,2,4824.76,shark,2026-05-19T10:10:33.983340+00:00,2026-02-25T13:14:19.736000+00:00,Shark; Neutral; Mid Gain; Breakeven; Scalper; Cons. Hi-Freq,no,non-positive 3M total PnL; below 80% win rate; drawdown >= 15%
750,8,50,0xeb78f1dcf5ff0586aa1ae41cbd22c8bc71d48ddd,0xeb78...8ddd,-4595.53,-23.01,18.75,0,48,106,2,12218.83,shark,2026-05-19T10:01:42.265960+00:00,2026-03-11T05:25:04.365456+00:00,Shark; Bullish; Small Gain; Volatile Profit; Long-term; Aggr. Low-Freq,no,non-positive 3M total PnL; below 500 closed positions; below 80% win rate
751,8,51,0xa8a747efc467aa6f5a7d92d4c1614db6bf287165,0xa8a7...7165,-4688.63,-19.94,22.98,0,853,2000,165,19806.42,shark,2026-05-19T09:56:33.712635+00:00,2026-03-07T08:00:05.269107+00:00,Shark; Bullish; Large Gain; Breakeven; Scalper; Cons. Hi-Freq,no,non-positive 3M total PnL; below 80% win rate
752,8,52,0xc292979e7eb317a689b1045a6cd6aa1329d594b1,0xc292...94b1,-4726.33,-5.41,35.94,100,64,409,5,48450.38,shark,2026-05-19T09:45:06.463724+00:00,2025-10-29T06:56:21.735000+00:00,Shark; Bullish; Mid Gain; Breakeven; Short-term; Cons. Hi-Freq,no,non-positive 3M total PnL; below 500 closed positions; below 80% win rate; drawdown >= 15%
753,8,53,0xcbdab17337632bc5e0fb509ee570bfcc37d58dcb,0xcbda...8dcb,-4760.3,-15.91,51.19,100,84,161,4,39508.81,shark,2026-05-19T09:47:25.848129+00:00,2026-03-09T00:18:04.550197+00:00,Shark; Bullish; Small Gain; Volatile Profit; Long-term; Aggr. Low-Freq,no,non-positive 3M total PnL; below 500 closed positions; below 80% win rate; drawdown >= 15%
754,8,54,0xdfc4e98b261acfc40debdffcdc703c5138c932a6,0xdfc4...32a6,-4779.63,-43.28,38.24,0,884,2000,37,14898.43,shark,2026-03-28T12:14:18.528799+00:00,2026-03-07T03:50:04.393999+00:00,Shark; Bullish; Large Gain; Breakeven; Scalper; Cons. Hi-Freq,no,non-positive 3M total PnL; below 80% win rate
755,8,55,0x7b9662f9293360b54448050f3af564575b218c33,0x7b96...8c33,-4794.04,-4.8,35.08,0,496,757,1,9446,shark,2026-05-19T10:06:03.379115+00:00,2025-10-30T07:37:23.843000+00:00,Shark; Bullish; Mid Gain; Breakeven; Short-term; Cons. Hi-Freq,no,non-positive 3M total PnL; below 500 closed positions; below 80% win rate
756,8,56,0xbe60007eb1467bd6eceb402c0796ea36ff1d6c6a,0xbe60...6c6a,-4949.67,-5.59,44.28,5.59,1450,2000,0,0.03,shark,2026-05-19T10:14:58.329692+00:00,2026-03-03T22:02:27.250000+00:00,Shark; Bullish; Mid Gain; Breakeven; Scalper; Cons. Hi-Freq,no,non-positive 3M total PnL; below 80% win rate
757,8,57,0x88e7895719007d3827021beb8db09fe91ec37c2b,0x88e7...7c2b,-4962.75,-43.67,0,69.62,8,18,0,11361.98,shark,2026-04-12T03:54:54.298289+00:00,2024-05-21T12:30:46.226000+00:00,Shark; Bullish; Large Gain; Breakeven; Long-term; Aggr. Low-Freq,no,non-positive 3M total PnL; below 500 closed positions; below 80% win rate; drawdown >= 15%
758,8,58,0xa72dd12b9329e6efe095c030f361131604a79586,0xa72d...9586,-4991.12,-5.7,36.61,100,1270,2032,5,87728.06,shark,2026-05-19T10:38:40.335072+00:00,2025-08-11T06:54:19.095000+00:00,Shark; Bullish; Large Gain; Breakeven; Scalper; Cons. Hi-Freq,no,non-positive 3M total PnL; below 80% win rate; drawdown >= 15%
759,8,59,0x2bfb05f4843c471a2be37924272ed2a5582bda24,0x2bfb...da24,-5098.51,-11.09,33.33,100,408,817,1,68705.75,shark,2026-04-12T03:40:45.213966+00:00,2025-12-03T02:55:39.640000+00:00,Shark; Bullish; Large Gain; Breakeven; Scalper; Cons. Hi-Freq,no,non-positive 3M total PnL; below 500 closed positions; below 80% win rate; drawdown >= 15%
760,8,60,0x0210691ee9444a4b349673e2c791dab920a5e4ea,0x0210...e4ea,-5136.79,-12.12,0,0,420,1745,0,10000,shark,2026-05-06T07:13:43.625877+00:00,2026-01-16T03:21:34.292000+00:00,Shark; Bullish; Large Gain; Breakeven; Short-term; Cons. Hi-Freq,no,non-positive 3M total PnL; below 500 closed positions; below 80% win rate
761,8,61,0x1338a3d7251ef4d06d3b5b6eb04996dc4c8194c1,0x1338...94c1,-5144.97,-27.16,26.79,100,56,152,1,17779.11,shark,2026-05-19T09:57:40.019523+00:00,2026-03-09T14:08:03.022876+00:00,Shark; Neutral; Mid Gain; Breakeven; Long-term; Aggr. Low-Freq,no,non-positive 3M total PnL; below 500 closed positions; below 80% win rate; drawdown >= 15%
762,8,62,0x503022eead003f18f2b2cbbf7a5139a7be64acc8,0x5030...acc8,-5206.09,-21.61,0,0,274,699,0,24093.17,shark,2026-04-13T21:45:07.842467+00:00,2026-04-13T20:20:28.507000+00:00,Shark; Bullish; Large Gain; Breakeven; Scalper; Cons. Hi-Freq,no,non-positive 3M total PnL; below 500 closed positions; below 80% win rate
763,8,63,0x197008a1d3e26a97a19f46c121482969cef95b7d,0x1970...5b7d,-5225.29,-48.67,53.32,100,422,855,0,11865.45,shark,2026-05-19T10:02:04.288088+00:00,2026-03-07T01:02:02.448466+00:00,Shark; Bullish; Large Gain; Breakeven; Long-term; Aggr. Low-Freq,no,non-positive 3M total PnL; below 500 closed positions; below 80% win rate; drawdown >= 15%
764,8,64,0xfce1474952abb06fa31a7cbb6892e7618e38b316,0xfce1...b316,-5227.38,-44.51,47.01,100,251,536,0,11805.04,shark,2026-05-19T10:02:05.415606+00:00,2025-12-26T00:18:00.809000+00:00,Shark; Neutral; Mid Gain; Breakeven; Swinger; Aggr. Low-Freq,no,non-positive 3M total PnL; below 500 closed positions; below 80% win rate; drawdown >= 15%
765,8,65,0x8a5f220491911080fdcfa47e8d45c32c5afd2a31,0x8a5f...2a31,-5287.18,-9.69,4.55,0,154,300,3,48476.11,shark,2026-05-19T09:45:19.384137+00:00,2026-03-08T10:31:02.338350+00:00,Shark; Bullish; Mid Gain; Breakeven; Short-term; Cons. Hi-Freq,no,non-positive 3M total PnL; below 500 closed positions; below 80% win rate
766,8,66,0x24c04f73621f748fbc81772f8f6322ccf091de4f,0x24c0...de4f,-5391.59,-52.42,28.57,0,21,49,0,8472.56,shark,2026-05-19T10:06:37.888993+00:00,2025-10-14T06:10:40.132000+00:00,Shark; Bullish; Small Gain; Volatile Profit; Long-term; Aggr. Low-Freq,no,non-positive 3M total PnL; below 500 closed positions; below 80% win rate
767,8,67,0x361aba96e0c910ab9d665ff069d64810937a8bdb,0x361a...8bdb,-5453.95,-6.5,0,0,537,1137,1,83846.13,shark,2026-05-08T01:17:05.422329+00:00,2026-02-23T22:04:32.112000+00:00,Shark; Bullish; Mid Gain; Breakeven; Scalper; Cons. Hi-Freq,no,non-positive 3M total PnL; below 80% win rate
768,8,68,0xb705b7595411e3cd7adb916fa400ee450c85004a,0xb705...004a,-5491.01,-6.74,36.75,100,1725,3751,1,79371.06,shark,2026-05-19T09:41:26.192329+00:00,2026-01-22T14:35:44.969000+00:00,Shark; Bullish; Large Gain; Breakeven; Scalper; Cons. Hi-Freq,no,non-positive 3M total PnL; below 80% win rate; drawdown >= 15%
769,8,69,0xc30ee653e460bb24a031736811de2172c5f5888a,0xc30e...888a,-5491.89,-10.14,5,0,60,524,0,46935.36,shark,2026-05-19T09:45:29.183413+00:00,2025-10-13T18:28:57.376000+00:00,Shark; Bearish; Large Gain; Breakeven; Scalper; Cons. Hi-Freq,no,non-positive 3M total PnL; below 500 closed positions; below 80% win rate
770,8,70,0x1b4f9f9388e47bbe635fd80e88df4f8414c8f9f1,0x1b4f...f9f1,-5527.22,-45.27,45.93,100,577,1379,2,6951.34,shark,2026-05-19T10:08:20.711035+00:00,2026-03-07T04:30:13.502817+00:00,Shark; Bullish; Large Gain; Breakeven; Short-term; Cons. Hi-Freq,no,non-positive 3M total PnL; below 80% win rate; drawdown >= 15%
771,8,71,0x779e5e469d5de3a13e563f736ffcf47ebe5584c5,0x779e...84c5,-5546.07,-1.1,51.48,100,1381,1961,0,0.02,shark,2026-05-19T10:14:59.037379+00:00,2026-02-23T04:33:46.400000+00:00,Mega Whale; Bullish; Small Gain; Breakeven; Short-term; Cons. Hi-Freq,no,non-positive 3M total PnL; below 80% win rate; drawdown >= 15%
772,8,72,0xf7aa7ef08a9ccad9b285fa9c13014d4f8d0d1486,0xf7aa...1486,-5549.08,-5.18,53.7,10.69,825,2000,1,9685.05,shark,2026-05-09T11:03:56.056301+00:00,2026-03-15T20:30:45.060000+00:00,Whale; Bullish; Mid Gain; Breakeven; Scalper; Cons. Hi-Freq,no,non-positive 3M total PnL; below 80% win rate
773,8,73,0x8ed51790e4879484fe8a8d7f999a43a73f00f814,0x8ed5...f814,-5555.95,-42.71,17.55,0,433,768,0,0.92,shark,2026-05-13T15:41:03.082658+00:00,2026-03-09T12:17:03.287421+00:00,Shark; Bullish; Large Gain; Breakeven; Scalper; Cons. Hi-Freq,no,non-positive 3M total PnL; below 500 closed positions; below 80% win rate
774,8,74,0x88812b4f3a593bcb6faee35fea189af677d6d00d,0x8881...d00d,-5743.49,-28.09,46.32,100,95,845,6,24497.41,shark,2026-05-19T09:52:12.797115+00:00,2026-03-09T20:26:04.056734+00:00,Shark; Bullish; Large Gain; Breakeven; Short-term; Cons. Hi-Freq,no,non-positive 3M total PnL; below 500 closed positions; below 80% win rate; drawdown >= 15%
775,8,75,0x8e774bba7b49a5d5fc513f37b1896529cfd59d9e,0x8e77...9d9e,-5782.6,-52.13,44.44,52.22,18,117,2,11234.46,shark,2026-05-19T10:02:25.473194+00:00,2025-05-27T10:04:44.327000+00:00,Shark; Bearish; Large Gain; Breakeven; Long-term; Aggr. Low-Freq,no,non-positive 3M total PnL; below 500 closed positions; below 80% win rate; drawdown >= 15%
776,8,76,0x8c6e61a12c57969c70129ebd050c03431d365da2,0x8c6e...5da2,-5840.68,-7.13,23.29,100,893,1739,0,203287.11,whale_mid,2026-05-19T10:30:29.579563+00:00,2026-03-03T18:33:32.844000+00:00,Shark; Neutral; Large Gain; Breakeven; Scalper; Cons. Hi-Freq,no,non-positive 3M total PnL; below 80% win rate; drawdown >= 15%
777,8,77,0x0c8fdfa4543a1b9bcc6ab9d78dcde270c80ba5ea,0x0c8f...a5ea,-5865.92,-32.63,33.11,100,891,2000,1,2263.14,shark,2026-05-19T10:13:05.491113+00:00,2026-03-07T02:28:02.706932+00:00,Shark; Neutral; Large Gain; Breakeven; Scalper; Cons. Hi-Freq,no,non-positive 3M total PnL; below 80% win rate; drawdown >= 15%
778,8,78,0x7165cac1c7f5e78810789d287c433722ea84d3a7,0x7165...d3a7,-5965.23,-7.23,67.24,100,116,801,1,49482.11,shark,2026-05-18T23:02:41.835680+00:00,2026-03-09T14:46:03.641000+00:00,Shark; Bullish; Small Gain; Breakeven; Scalper; Cons. Hi-Freq,no,non-positive 3M total PnL; below 500 closed positions; below 80% win rate; drawdown >= 15%
779,8,79,0x547e274d5a104df9580e36f0568423c3fcb7c991,0x547e...c991,-5980.7,-9.53,34.65,100,127,949,1,38433.81,shark,2026-05-19T09:47:45.604327+00:00,2026-01-30T09:47:54.172000+00:00,Shark; Bearish; Mid Gain; Breakeven; Short-term; Cons. Hi-Freq,no,non-positive 3M total PnL; below 500 closed positions; below 80% win rate; drawdown >= 15%
780,8,80,0x1c47988c765cddaf4d45f1c3e3137846796c6148,0x1c47...6148,-6276.93,-46.35,50,0,38,90,0,2223.49,shark,2026-05-19T10:13:02.896363+00:00,2026-02-03T22:19:14.371000+00:00,Shark; Bullish; Large Gain; Volatile Profit; Swinger; Aggr. Low-Freq,no,non-positive 3M total PnL; below 500 closed positions; below 80% win rate
781,8,81,0xc837b80bb765986cb54a93aafb949c3da6962387,0xc837...2387,-6398.81,-16.96,78.87,0,71,155,3,44046.44,shark,2026-05-19T09:45:56.454276+00:00,2025-10-19T10:25:10.407000+00:00,Shark; Bullish; Small Gain; Breakeven; Swinger; Aggr. Low-Freq,no,non-positive 3M total PnL; below 500 closed positions; below 80% win rate
782,8,82,0x4904b0c00fcce60d799040fe85755e0c9054116b,0x4904...116b,-6576.47,-57.66,23.35,0,167,376,1,1214.55,shark,2026-05-19T10:13:40.771018+00:00,2026-04-18T05:33:55.600000+00:00,Shark; Bullish; Large Gain; Breakeven; Short-term; Cons. Hi-Freq,no,non-positive 3M total PnL; below 500 closed positions; below 80% win rate
783,8,83,0x6f31fef250a34a025f7784a2e3a02b4921b30394,0x6f31...0394,-6583.64,-47.56,69.64,0,224,893,1,4557.82,shark,2026-05-19T10:10:39.016515+00:00,2026-03-08T22:07:05.072356+00:00,Shark; Bullish; Large Gain; Breakeven; Short-term; Cons. Hi-Freq,no,non-positive 3M total PnL; below 500 closed positions; below 80% win rate
784,8,84,0x479bc6c12b723a36c70fcf4206ed192bac037db7,0x479b...7db7,-6652.06,-40.84,17.78,100,90,158,1,1092.36,shark,2026-05-14T17:29:43.693325+00:00,2026-03-10T00:24:04.407132+00:00,Shark; Bullish; Small Gain; Breakeven; Long-term; Aggr. Low-Freq,no,non-positive 3M total PnL; below 500 closed positions; below 80% win rate; drawdown >= 15%
785,8,85,0x2d0f15224ee220d2732bdee0956d7ca862f55740,0x2d0f...5740,-6900.3,-14.5,31.01,100,1206,2000,4,33558.72,shark,2026-05-19T09:49:16.254762+00:00,2026-03-07T01:43:21.874626+00:00,Shark; Bullish; Large Gain; Breakeven; Scalper; Cons. Hi-Freq,no,non-positive 3M total PnL; below 80% win rate; drawdown >= 15%
786,8,86,0x30dbe8b29225744bd620a1ec6164ee9ece9c6b1f,0x30db...6b1f,-6977.92,-8.93,0,0,71,327,0,78178,shark,2026-05-17T00:46:02.421097+00:00,2025-02-03T19:59:20.544000+00:00,Shark; Bearish; Mid Gain; Breakeven; Short-term; Cons. Hi-Freq,no,non-positive 3M total PnL; below 500 closed positions; below 80% win rate
787,8,87,0x1542ab5a7bebd091c1162c31825b10f980fd3e2e,0x1542...3e2e,-7012.39,-7.88,38.56,0,983,2000,0,11974.91,shark,2026-05-19T10:02:02.641938+00:00,2026-03-08T19:20:03.779783+00:00,Shark; Bullish; Mid Gain; Breakeven; Scalper; Cons. Hi-Freq,no,non-positive 3M total PnL; below 80% win rate
788,8,88,0x7108de6ec86d6afa747df91305a3e1182e6c585a,0x7108...585a,-7049.1,-48.23,17.76,0,929,1998,0,12680.87,shark,2026-05-19T10:01:29.751318+00:00,2026-01-31T15:09:27.676000+00:00,Shark; Bullish; Large Gain; Breakeven; Short-term; Cons. Hi-Freq,no,non-positive 3M total PnL; below 80% win rate
789,8,89,0x2aac52684a7ae97f1b761a35bfbc73ed6e225000,0x2aac...5000,-7081.03,-39.94,37.07,95.81,321,604,1,9611.67,shark,2026-05-19T10:05:17.201640+00:00,2024-12-16T01:58:39.881000+00:00,Shark; Bullish; Large Gain; Breakeven; Short-term; Cons. Hi-Freq,no,non-positive 3M total PnL; below 500 closed positions; below 80% win rate; drawdown >= 15%
790,8,90,0x2057d4f2b6ea957b63371980775b0a5505a438f0,0x2057...38f0,-7090.31,-0.46,61.02,100,1352,2894,1,1561887.99,whale,2026-05-19T10:38:23.769529+00:00,2026-01-29T15:56:45.611000+00:00,Mega Whale; Neutral; Small Gain; Breakeven; Scalper; Cons. Hi-Freq,no,non-positive 3M total PnL; below 80% win rate; drawdown >= 15%
791,8,91,0xe83054865a23ca7b74e4a13a5e7bbc2010291820,0xe830...1820,-7114.77,-2.55,33.52,0,904,2000,0,307579.51,whale_mid,2026-05-19T10:29:54.472957+00:00,2026-03-12T08:35:03.314509+00:00,Whale; Bullish; Mid Gain; Breakeven; Scalper; Cons. Hi-Freq,no,non-positive 3M total PnL; below 80% win rate
792,8,92,0xcdc8e762abf9add546118205ad014baf17e91ab8,0xcdc8...1ab8,-7186.57,-70.8,55.17,100,116,808,1,13304.8,shark,2026-05-19T10:01:09.645691+00:00,2026-03-09T12:15:09.241340+00:00,Shark; Bullish; Mid Gain; Sustained Profit; Short-term; Cons. Hi-Freq,no,non-positive 3M total PnL; below 500 closed positions; below 80% win rate; drawdown >= 15%
793,8,93,0xeed00c28271a0b35d5c306c8b8c46379ec9c5904,0xeed0...5904,-7236.49,-6.23,45.6,0,1033,2000,0,0.02,shark,2026-05-19T10:14:59.232702+00:00,2026-03-07T03:16:08.251321+00:00,Whale; Bullish; Mid Gain; Breakeven; Scalper; Cons. Hi-Freq,no,non-positive 3M total PnL; below 80% win rate
794,8,94,0x1a2d449e65f231969d328e520367916fb3c84129,0x1a2d...4129,-7276.87,-66.11,25.83,0,151,427,1,5510.52,shark,2026-03-12T11:56:15.589830+00:00,2026-03-12T01:20:03.368845+00:00,Shrimp; Bullish; Large Gain; Breakeven; Short-term; Cons. Hi-Freq,no,non-positive 3M total PnL; below 500 closed positions; below 80% win rate
795,8,95,0x992336f0d85b254bc221866c9f76caf36a64077c,0x9923...077c,-7534.1,-68.24,22.34,0,591,966,0,9642.7,shark,2026-05-19T10:05:29.593373+00:00,2026-01-28T10:24:16.010000+00:00,Shark; Bullish; Large Gain; Breakeven; Scalper; Cons. Hi-Freq,no,non-positive 3M total PnL; below 80% win rate
796,8,96,0xdea4faa3394bd40f32527d12df4bf04135fa5eee,0xdea4...5eee,-7617.6,-8.93,74.65,100,71,179,3,51445.94,shark,2026-05-19T09:44:58.568385+00:00,2025-10-02T16:56:36.928000+00:00,Shark; Neutral; Small Gain; Volatile Profit; Swinger; Aggr. Low-Freq,no,non-positive 3M total PnL; below 500 closed positions; below 80% win rate; drawdown >= 15%
797,8,97,0x6fc072c0dcc630f23b29f7c42a5c7c739584ebf5,0x6fc0...ebf5,-7665.4,-18.79,18.75,100,1488,1557,0,40798.61,shark,2026-05-03T16:09:07.891636+00:00,2026-02-23T04:27:30.957000+00:00,Shark; Bearish; Large Gain; Breakeven; Scalper; Cons. Hi-Freq,no,non-positive 3M total PnL; below 80% win rate; drawdown >= 15%
798,8,98,0xf8dfd2f88f5b56f897e745a7ef05ad48fbb3e94a,0xf8df...e94a,-7724.75,-55.88,49.49,100,586,1413,1,11257.89,shark,2026-05-19T10:02:15.547444+00:00,2026-03-09T21:37:03.340943+00:00,Shark; Bullish; Large Gain; Breakeven; Scalper; Cons. Hi-Freq,no,non-positive 3M total PnL; below 80% win rate; drawdown >= 15%
799,8,99,0xce11968817773c6c9ffb9726d2dd96069ccc48c7,0xce11...48c7,-7803.31,-51.14,56.44,92.66,528,1017,0,22925.93,shark,2026-05-19T09:52:57.355069+00:00,2026-02-05T05:04:57.803000+00:00,Shark; Bullish; Large Gain; Breakeven; Short-term; Cons. Hi-Freq,no,non-positive 3M total PnL; below 80% win rate; drawdown >= 15%
800,8,100,0xb1f431527a1c7ac13cf87075f1bd2e07af6b5892,0xb1f4...5892,-7933.36,-8.12,20.7,8.12,1145,2000,0,0.06,shark,2026-05-19T10:14:56.992587+00:00,2026-02-13T01:35:28.676000+00:00,Shark; Neutral; Mid Gain; Breakeven; Scalper; Cons. Hi-Freq,no,non-positive 3M total PnL; below 80% win rate
801,9,1,0x5b92f1d843604c9f403331d2a22d71107ef97c4c,0x5b92...7c4c,-7975.43,-21.1,57.38,100,61,61,1,321.88,shark,2026-05-19T10:14:21.392967+00:00,2025-11-26T05:41:46.007000+00:00,Shark; Bearish; Large Gain; Volatile Profit; Swinger; Aggr. Low-Freq,no,non-positive 3M total PnL; below 500 closed positions; below 80% win rate; drawdown >= 15%
802,9,2,0xed7847de40f1dbd1265e7b257a0795fd98c80339,0xed78...0339,-8065.06,-38,41.97,100,922,2000,10,7759.74,shark,2026-05-19T10:08:18.065719+00:00,2026-03-07T08:24:03.041609+00:00,Shark; Bullish; Large Gain; Breakeven; Scalper; Cons. Hi-Freq,no,non-positive 3M total PnL; below 80% win rate; drawdown >= 15%
803,9,3,0x9f2131ae5400781cf60ec11c36531b21e689ca6f,0x9f21...ca6f,-8125.95,-94.58,31.83,100,641,1691,1,9974.19,shark,2026-05-19T10:04:37.947817+00:00,2025-12-07T14:24:43.011000+00:00,Shrimp; Bullish; Mid Gain; Breakeven; Short-term; Cons. Hi-Freq,no,non-positive 3M total PnL; below 80% win rate; drawdown >= 15%
804,9,4,0x513327da44995592babc1c4c389cae79ff308f93,0x5133...8f93,-8187.63,-55.95,1.23,0,324,649,0,235.03,shark,2026-05-19T10:14:23.475037+00:00,2026-03-09T18:28:03.412618+00:00,Shark; Bullish; Large Gain; Breakeven; Short-term; Cons. Hi-Freq,no,non-positive 3M total PnL; below 500 closed positions; below 80% win rate
805,9,5,0x5b31a472f8156568bad291072dcce4faa43fb05b,0x5b31...b05b,-8214.98,-6.47,31.82,0,924,2000,0,0.09,shark,2026-05-19T10:14:56.266642+00:00,2026-03-07T03:16:07.829694+00:00,Whale; Neutral; Mid Gain; Breakeven; Scalper; Cons. Hi-Freq,no,non-positive 3M total PnL; below 80% win rate
806,9,6,0x7f429bab55b027d598351deac0ecb649e34319a1,0x7f42...19a1,-8219.03,-43.58,48.96,100,531,1138,1,6867.66,shark,2026-05-19T10:08:28.367863+00:00,2026-03-07T10:42:03.652916+00:00,Shark; Bullish; Large Gain; Breakeven; Scalper; Cons. Hi-Freq,no,non-positive 3M total PnL; below 80% win rate; drawdown >= 15%
807,9,7,0xdd7a372377fc633f74ab6e20963803d52f448830,0xdd7a...8830,-8221.44,-1.56,39.8,0,613,1632,4,638536.66,whale,2026-05-19T10:29:09.800889+00:00,2026-03-07T19:29:05.248884+00:00,Mega Whale; Bullish; Small Gain; Breakeven; Scalper; Cons. Hi-Freq,no,non-positive 3M total PnL; below 80% win rate
808,9,8,0xb94fe35be16e03520b759ab9aedbf13c5a33b8f2,0xb94f...b8f2,-8261.01,-71.79,40.66,0,669,2000,0,0.01,shark,2026-05-19T10:15:12.610075+00:00,2026-03-07T06:55:02.252511+00:00,Shrimp; Neutral; Large Gain; Breakeven; Scalper; Cons. Hi-Freq,no,non-positive 3M total PnL; below 80% win rate
809,9,9,0x661a48e90424badd72d5b4ee3ce7f1fe20cff821,0x661a...f821,-8304.66,-36,24.89,100,683,1385,2,46964.87,shark,2026-05-19T09:45:32.120959+00:00,2026-02-17T19:00:05.899000+00:00,Shark; Bullish; Large Gain; Breakeven; Scalper; Cons. Hi-Freq,no,non-positive 3M total PnL; below 80% win rate; drawdown >= 15%
810,9,10,0x41ca3a1c075b965b298ab28d92c77d46f2acdb92,0x41ca...db92,-8328.05,-67.21,13.03,0,614,1439,1,23864.34,shark,2026-05-04T17:28:53.842338+00:00,2026-04-19T11:39:35.852000+00:00,Shark; Bullish; Large Gain; Breakeven; Scalper; Cons. Hi-Freq,no,non-positive 3M total PnL; below 80% win rate
811,9,11,0x065612c177776f3c635dff181edf170f9c196a05,0x0656...6a05,-8439.73,-8.45,6.74,100,5059,7589,1,234135.34,whale_mid,2026-05-19T10:30:18.805293+00:00,2026-03-07T15:13:03.592744+00:00,Shark; Bullish; Large Gain; Breakeven; Scalper; Cons. Hi-Freq,no,"non-positive 3M total PnL; above 3,000 closed positions; below 80% win rate; drawdown >= 15%"
812,9,12,0x4ea258512c59f12b727fc328c9fa8734d7d9eeae,0x4ea2...eeae,-8449.37,-72.96,43.12,100,494,1054,8,9910.71,shark,2026-05-19T10:04:24.982322+00:00,2026-03-07T07:32:16.657145+00:00,Shrimp; Bullish; Large Gain; Breakeven; Scalper; Cons. Hi-Freq,no,non-positive 3M total PnL; below 500 closed positions; below 80% win rate; drawdown >= 15%
813,9,13,0x8e79a19093fd6854dac58e21413d4c94ff1e15bf,0x8e79...15bf,-8488.32,-9.43,32.99,0,670,1499,1,8906.65,shark,2026-05-02T07:54:41.526103+00:00,2026-04-15T19:46:16.652000+00:00,Shark; Bullish; Mid Gain; Breakeven; Scalper; Cons. Hi-Freq,no,non-positive 3M total PnL; below 80% win rate
814,9,14,0x2d4af9890c5e8c13d421103792727e89456ade1e,0x2d4a...de1e,-8575.85,-2.96,38.22,100,225,652,0,9793.16,shark,2026-05-09T22:23:12.557951+00:00,2025-11-03T21:01:19.796000+00:00,Whale; Neutral; Mid Gain; Breakeven; Short-term; Cons. Hi-Freq,no,non-positive 3M total PnL; below 500 closed positions; below 80% win rate; drawdown >= 15%
815,9,15,0x0a64d31d15ef7d4e9e01e590ae6da85235f03146,0x0a64...3146,-8594.92,-79.32,2.72,81.26,184,402,0,1229.66,shark,2026-05-19T10:13:32.495616+00:00,2024-04-26T10:24:37.022000+00:00,Shark; Bullish; Large Gain; Breakeven; Short-term; Cons. Hi-Freq,no,non-positive 3M total PnL; below 500 closed positions; below 80% win rate; drawdown >= 15%
816,9,16,0x19141738e3275cdf2550e95bf3b3ad7bf803c01d,0x1914...c01d,-8602.42,-23.92,40.82,31.91,98,532,0,75500.36,shark,2026-05-19T09:41:27.088433+00:00,2025-08-22T12:20:14.719000+00:00,Shark; Bullish; Large Gain; Breakeven; Short-term; Cons. Hi-Freq,no,non-positive 3M total PnL; below 500 closed positions; below 80% win rate; drawdown >= 15%
817,9,17,0xd839129febbafbf50db5ad2f36680f950d125047,0xd839...5047,-8624.06,-33.93,40.88,53.29,1086,1917,1,27646.28,shark,2026-05-19T09:50:04.539860+00:00,2025-12-20T08:39:51.883000+00:00,Shark; Bullish; Large Gain; Sustained Profit; Scalper; Cons. Hi-Freq,no,non-positive 3M total PnL; below 80% win rate; drawdown >= 15%
818,9,18,0x6628f829994f1756257e6c2468dabd675a530a1d,0x6628...0a1d,-8639.01,-6.91,42.01,0,1133,2000,6,115669.16,whale_mid,2026-05-19T10:31:35.622728+00:00,2026-03-07T03:16:08.038150+00:00,Whale; Neutral; Mid Gain; Breakeven; Scalper; Cons. Hi-Freq,no,non-positive 3M total PnL; below 80% win rate
819,9,19,0x88399c5f68ababe23483f36e5b3bd4f01dccfcf3,0x8839...fcf3,-8811.21,-36.64,68.21,0,173,458,2,15176.8,shark,2026-05-19T10:00:25.716236+00:00,2026-03-07T03:27:21.374977+00:00,Shark; Bullish; Large Gain; Sustained Profit; Short-term; Cons. Hi-Freq,no,non-positive 3M total PnL; below 500 closed positions; below 80% win rate
820,9,20,0x233d8ec55cb4d87f6f1a09939f7cfbcfe5e8b3a7,0x233d...b3a7,-8831.06,-12.99,32.61,100,46,89,1,53875.1,shark,2026-05-19T09:44:56.533684+00:00,2025-07-04T11:54:33.836000+00:00,Shark; Bearish; Large Gain; Breakeven; Swinger; Aggr. Low-Freq,no,non-positive 3M total PnL; below 500 closed positions; below 80% win rate; drawdown >= 15%
821,9,21,0xe96caf97c4979e125a0b6b461705aebe419bfebe,0xe96c...febe,-8856.64,-76.09,11.56,0,294,606,1,261.68,shark,2026-04-22T05:16:52.784521+00:00,2026-04-20T06:51:21.252000+00:00,Shark; Bullish; Large Gain; Breakeven; Scalper; Cons. Hi-Freq,no,non-positive 3M total PnL; below 500 closed positions; below 80% win rate
822,9,22,0x7b666ce21904de11ce883f61432b5c84a76677e4,0x7b66...77e4,-8876.03,-20.66,39.62,0,886,2000,0,0.45,shark,2026-05-19T10:14:48.120213+00:00,2026-03-06T21:52:39.773343+00:00,Shark; Bullish; Large Gain; Breakeven; Scalper; Cons. Hi-Freq,no,non-positive 3M total PnL; below 80% win rate
823,9,23,0x20b11c6bc4c916aa85be4492f7eedb23c8b29db3,0x20b1...9db3,-8960.3,-42.27,36.39,0,632,1221,0,21199.99,shark,2026-04-13T15:00:09.173568+00:00,2026-04-12T03:34:17.593000+00:00,Shark; Bullish; Large Gain; Breakeven; Scalper; Cons. Hi-Freq,no,non-positive 3M total PnL; below 80% win rate
824,9,24,0x3313292de6c21a835f9006d4f89e1e8cbc471640,0x3313...1640,-8989.8,-8.56,22.92,100,855,2000,1,11072.19,shark,2026-05-19T10:02:30.621615+00:00,2026-03-09T03:12:04.672709+00:00,Shrimp; Bullish; Mid Gain; Breakeven; Scalper; Cons. Hi-Freq,no,non-positive 3M total PnL; below 80% win rate; drawdown >= 15%
825,9,25,0xbb29e0d7124f61a4af2f133407b2135854592a80,0xbb29...2a80,-9089.5,-1.3,48.33,100,1078,1969,32,542742.63,whale,2026-05-19T10:29:22.137217+00:00,2026-03-07T00:01:33.211000+00:00,Mega Whale; Bullish; Small Gain; Breakeven; Scalper; Cons. Hi-Freq,no,non-positive 3M total PnL; below 80% win rate; drawdown >= 15%
826,9,26,0xacb4ea1a712cdf0313d0fa91fe97639af332fa4f,0xacb4...fa4f,-9148.43,-63.11,48.23,0,141,331,1,16206.75,shark,2026-05-19T06:12:41.457520+00:00,2026-03-08T10:23:08.367789+00:00,Shark; Neutral; Large Gain; Breakeven; Short-term; Cons. Hi-Freq,no,non-positive 3M total PnL; below 500 closed positions; below 80% win rate
827,9,27,0x833381264e75981bcfe067653e9afe1babbfc6a0,0x8333...c6a0,-9176.98,-20.5,23.64,100,55,98,3,46051.54,shark,2026-05-19T09:45:31.942867+00:00,2025-07-23T20:49:04.196000+00:00,Shark; Bullish; Small Gain; Volatile Profit; Swinger; Aggr. Low-Freq,no,non-positive 3M total PnL; below 500 closed positions; below 80% win rate; drawdown >= 15%
828,9,28,0xc5010834e5be500437b1bb04f2c34e0f3898e581,0xc501...e581,-9191.11,-0.56,35.1,0,775,1445,1,1627516.92,whale,2026-05-19T10:38:12.953200+00:00,2026-05-13T20:59:50.251000+00:00,Mega Whale; Bullish; Small Gain; Breakeven; Scalper; Cons. Hi-Freq,no,non-positive 3M total PnL; below 80% win rate
829,9,29,0xea23991c20c911221e963bad1d6c10e85d52083e,0xea23...083e,-9203.57,-76.76,75.43,100,696,2000,4,11575.78,shark,2026-05-19T10:02:15.832491+00:00,2026-03-11T17:22:09.436159+00:00,Shark; Bullish; Mid Gain; Sustained Profit; Scalper; Cons. Hi-Freq,no,non-positive 3M total PnL; below 80% win rate; drawdown >= 15%
830,9,30,0x5b56675e28f501e7971365879005e671f83c6e4b,0x5b56...6e4b,-9204.1,-39.42,24.69,0,162,378,1,3685.86,shark,2026-05-19T10:10:56.091279+00:00,2025-10-21T18:11:06.441000+00:00,Shark; Bullish; Large Gain; Breakeven; Short-term; Cons. Hi-Freq,no,non-positive 3M total PnL; below 500 closed positions; below 80% win rate
831,9,31,0xfc5480d57c7dbff406bc8ad7044bdae7a8fedecb,0xfc54...decb,-9377.05,-38.86,71.43,100,112,263,0,15967.82,shark,2026-03-26T15:23:26.033911+00:00,2026-03-12T07:03:06.776595+00:00,Shark; Bullish; Large Gain; Breakeven; Long-term; Aggr. Low-Freq,no,non-positive 3M total PnL; below 500 closed positions; below 80% win rate; drawdown >= 15%
832,9,32,0xb94c2dd13c22133bc46eb183f0132eda12eeb1d0,0xb94c...b1d0,-9384.01,-23.02,46.67,0,330,660,1,9307.27,shark,2026-05-19T10:05:14.524872+00:00,2026-03-07T19:33:03.499512+00:00,Shrimp; Bullish; Large Gain; Breakeven; Scalper; Cons. Hi-Freq,no,non-positive 3M total PnL; below 500 closed positions; below 80% win rate
833,9,33,0x75334e29674b0d76ad748d5eabc0ff2d4010a737,0x7533...a737,-9386.82,-33.93,37.47,100,467,1437,1,32158.82,shark,2026-05-18T18:59:09.042838+00:00,2026-02-09T09:54:26.738000+00:00,Shark; Neutral; Large Gain; Breakeven; Short-term; Cons. Hi-Freq,no,non-positive 3M total PnL; below 500 closed positions; below 80% win rate; drawdown >= 15%
834,9,34,0xdfd17c84e25da1e40d2b1ee46a2caf88b5dd4e41,0xdfd1...4e41,-9469.62,-4.29,15.81,100,449,1147,2,119233.76,whale_mid,2026-05-19T10:31:31.699286+00:00,2026-03-11T13:47:03.783559+00:00,Whale; Bullish; Large Gain; Breakeven; Scalper; Cons. Hi-Freq,no,non-positive 3M total PnL; below 500 closed positions; below 80% win rate; drawdown >= 15%
835,9,35,0xde3d3affd84cbfb868f58e9dd04e7b53596f9f77,0xde3d...9f77,-9497.81,-30.39,27.46,39.49,896,2000,1,30003.74,shark,2026-04-22T18:09:41.437374+00:00,2026-02-06T00:27:51.788000+00:00,Shark; Bullish; Mid Gain; Breakeven; Scalper; Cons. Hi-Freq,no,non-positive 3M total PnL; below 80% win rate; drawdown >= 15%
836,9,36,0x1b304d55d5f79e1084b092fa2549cac0d6bcfa3c,0x1b30...fa3c,-9553.51,-29.78,65.12,100,129,253,0,0,shark,2026-04-22T12:13:21.501484+00:00,2026-03-09T13:43:02.840604+00:00,Shark; Bullish; Small Gain; Volatile Profit; Swinger; Aggr. Low-Freq,no,non-positive 3M total PnL; below 500 closed positions; below 80% win rate; drawdown >= 15%
837,9,37,0x32e4443f707e32a6d90587ff2331bc02964ac2e6,0x32e4...c2e6,-9568.24,-47.57,0,0,201,384,2,10657.12,shark,2026-05-19T10:04:01.183724+00:00,2025-04-10T05:50:14.329000+00:00,Shark; Bullish; Large Gain; Breakeven; Short-term; Cons. Hi-Freq,no,non-positive 3M total PnL; below 500 closed positions; below 80% win rate
838,9,38,0x6c0ce3f9ef94a038a6f13daf4a88fc3c93da8800,0x6c0c...8800,-9960.45,-36.14,24.13,47.67,974,2000,1,17703.77,shark,2026-05-19T09:57:40.333874+00:00,2026-02-11T22:00:21.855000+00:00,Shark; Neutral; Large Gain; Breakeven; Scalper; Cons. Hi-Freq,no,non-positive 3M total PnL; below 80% win rate; drawdown >= 15%
839,9,39,0x529585a8d65876a23f2df82cd18556b6d2c491d5,0x5295...91d5,-10075.61,-31.56,47.06,0,901,2000,4,25589.4,shark,2026-05-19T09:50:20.315592+00:00,2026-03-09T10:45:03.899808+00:00,Shark; Bullish; Large Gain; Breakeven; Scalper; Cons. Hi-Freq,no,non-positive 3M total PnL; below 80% win rate
840,9,40,0x5ae6165f46217642d09d2701862eb3293cef948e,0x5ae6...948e,-10106.78,-66.11,41.17,0,838,2000,1,3126.62,shark,2026-05-19T10:11:17.989613+00:00,2026-03-07T01:35:03.638778+00:00,Shrimp; Bullish; Large Gain; Breakeven; Scalper; Cons. Hi-Freq,no,non-positive 3M total PnL; below 80% win rate
841,9,41,0xb14d1598dbfeaec11bae2a382b29adfcab9e8560,0xb14d...8560,-10174.06,-3.76,25.39,0,1016,2000,1,244271.46,whale_mid,2026-05-19T10:30:17.336910+00:00,2026-03-10T02:46:10.437647+00:00,Whale; Neutral; Mid Gain; Breakeven; Scalper; Cons. Hi-Freq,no,non-positive 3M total PnL; below 80% win rate
842,9,42,0x32faf2d74ac24bea3fc12acff3f507bfbd2f3881,0x32fa...3881,-10289.46,-86.53,17.96,0,373,952,1,229,shark,2026-05-12T09:28:01.039386+00:00,2026-03-08T06:07:03.541985+00:00,Shark; Neutral; Large Gain; Breakeven; Scalper; Cons. Hi-Freq,no,non-positive 3M total PnL; below 500 closed positions; below 80% win rate
843,9,43,0xb3631193c29d45f9a99a89c131a68719f2e4bb56,0xb363...bb56,-10502.43,-71.31,84.31,0,51,103,0,16839.36,shark,2026-04-12T03:51:02.217253+00:00,2025-09-15T20:56:15.558000+00:00,Shark; Bullish; Small Gain; Breakeven; Swinger; Aggr. Low-Freq,no,non-positive 3M total PnL; below 500 closed positions
844,9,44,0x1d3174ca664a78042c1e8ebced909f6ffe087018,0x1d31...7018,-10536.12,-11.58,46.01,100,952,1864,0,0,shark,2026-05-19T10:17:10.315820+00:00,2026-02-28T21:58:28.563000+00:00,Shark; Neutral; Mid Gain; Breakeven; Scalper; Cons. Hi-Freq,no,non-positive 3M total PnL; below 80% win rate; drawdown >= 15%
845,9,45,0x414ade317cd254a970f97ec57185080a42f270b2,0x414a...70b2,-10816.98,-80.88,51.01,100,1235,2000,1,982.3,shark,2026-05-19T03:30:39.861286+00:00,2026-03-11T09:02:03.248320+00:00,Shark; Bullish; Small Gain; Breakeven; Long-term; Aggr. Low-Freq,no,non-positive 3M total PnL; below 80% win rate; drawdown >= 15%
846,9,46,0x09ac8469b1d99fff81e3eadee03db8c251fe94de,0x09ac...94de,-10869.83,-11.07,26.37,100,1115,3447,1,140327.3,whale_mid,2026-05-19T10:31:17.811197+00:00,2026-01-31T19:34:14.147000+00:00,Shark; Bearish; Small Gain; Breakeven; Scalper; Cons. Hi-Freq,no,non-positive 3M total PnL; below 80% win rate; drawdown >= 15%
847,9,47,0xe0253e4a43affb626950bfd091965e3a5cb4508b,0xe025...508b,-11027.92,-80.61,50.45,0,440,984,1,14970.9,shark,2026-05-19T10:00:27.295491+00:00,2025-07-16T11:44:06.795000+00:00,Shark; Neutral; Large Gain; Breakeven; Scalper; Cons. Hi-Freq,no,non-positive 3M total PnL; below 500 closed positions; below 80% win rate
848,9,48,0x4e308dd40496eab867ed394d84b6d552b5b49724,0x4e30...9724,-11136.62,-11.49,46.04,100,202,424,1,95166.38,shark,2026-05-19T10:33:11.427948+00:00,2026-01-09T00:20:04.956000+00:00,Shark; Bearish; Small Gain; Volatile Profit; Long-term; Aggr. Low-Freq,no,non-positive 3M total PnL; below 500 closed positions; below 80% win rate; drawdown >= 15%
849,9,49,0xe00a10683ee108d2b367c9cd261a4172e377cab5,0xe00a...cab5,-11162.67,-110.19,0,0,7,80,1,3086.98,shark,2026-05-19T10:11:28.688235+00:00,2024-12-16T16:53:19.938000+00:00,Shark; Bearish; Large Gain; Breakeven; Swinger; Aggr. Low-Freq,no,non-positive 3M total PnL; below 500 closed positions; below 80% win rate
850,9,50,0xe24ae3f5317fb405bbbff41b6c21e488f4cfd9e8,0xe24a...d9e8,-11371.87,-102.96,39.39,100,985,1935,0,10874.53,shark,2026-05-19T10:02:40.704193+00:00,2026-02-12T15:43:33.550000+00:00,Shark; Bullish; Mid Gain; Breakeven; Short-term; Cons. Hi-Freq,no,non-positive 3M total PnL; below 80% win rate; drawdown >= 15%
851,9,51,0x1ea2dc6578b1f027bfbf35dd016cbd8d659824e0,0x1ea2...24e0,-11449.39,-104.12,35.22,0,1116,1998,1,306.59,shark,2026-05-19T10:14:15.490913+00:00,2026-04-12T22:46:05.867004+00:00,Shark; Bullish; Large Gain; Breakeven; Scalper; Cons. Hi-Freq,no,non-positive 3M total PnL; below 80% win rate
852,9,52,0xd3accd4ea3c8d38dafe6c3fef82ba4abe7675697,0xd3ac...5697,-11459.77,-57.3,43.75,100,288,756,1,19675.56,shark,2026-05-19T09:56:35.999748+00:00,2026-03-09T05:54:04.032958+00:00,Shark; Bullish; Large Gain; Breakeven; Scalper; Cons. Hi-Freq,no,non-positive 3M total PnL; below 500 closed positions; below 80% win rate; drawdown >= 15%
853,9,53,0xdaccb2341f25a0204d2f5e8cd65c68aa90e86586,0xdacc...6586,-11478.25,-59.57,9.74,0,154,787,0,1.74,shark,2026-05-14T17:24:10.108049+00:00,2025-09-28T05:34:05.360000+00:00,Shark; Bearish; Large Gain; Breakeven; Scalper; Cons. Hi-Freq,no,non-positive 3M total PnL; below 500 closed positions; below 80% win rate
854,9,54,0x6faf4312b8b5bb032f76dffe100c52c810f056a0,0x6faf...56a0,-11641.64,-13.3,31.7,0,1678,3667,1,1606.48,shark,2026-05-19T10:13:21.730514+00:00,2026-04-27T13:27:49.632000+00:00,Shark; Bullish; Large Gain; Breakeven; Scalper; Cons. Hi-Freq,no,non-positive 3M total PnL; below 80% win rate
855,9,55,0x6d66a6fe76df6418136e9e6f7af9fd7e76e52205,0x6d66...2205,-11700.4,-14.5,24.94,100,1708,3403,1,75009.07,shark,2026-05-19T09:41:35.412033+00:00,2025-11-13T05:51:01.886000+00:00,Shark; Bullish; Large Gain; Breakeven; Scalper; Cons. Hi-Freq,no,non-positive 3M total PnL; below 80% win rate; drawdown >= 15%
856,9,56,0x00000000002f3d928030df28cb15b27b56888b9b,0x0000...8b9b,-11703.12,-58.54,26.18,0,1020,2000,30,19660.76,shark,2026-05-19T09:57:04.116062+00:00,2026-02-08T17:18:41.983000+00:00,Shark; Neutral; Large Gain; Breakeven; Scalper; Cons. Hi-Freq,no,non-positive 3M total PnL; below 80% win rate
857,9,57,0x2f55331b4fa24efa8fbfeafb896669c0733f827a,0x2f55...827a,-11720.92,-12.31,48.27,17.11,1127,2000,0,0.03,shark,2026-05-19T10:14:58.962612+00:00,2026-02-06T22:08:22.029000+00:00,Shark; Bullish; Mid Gain; Breakeven; Scalper; Cons. Hi-Freq,no,non-positive 3M total PnL; below 80% win rate; drawdown >= 15%
858,9,58,0xb92d5945ce781e441c276b17464a6dffa6f196db,0xb92d...96db,-11740.83,-24.94,0.86,0,349,747,0,47069.27,shark,2026-04-14T16:35:07.398690+00:00,2025-03-25T12:33:59.071000+00:00,Shark; Bullish; Large Gain; Breakeven; Short-term; Cons. Hi-Freq,no,non-positive 3M total PnL; below 500 closed positions; below 80% win rate
859,9,59,0xe8ef95e07161df78552da11fd95d287dd6d65201,0xe8ef...5201,-11764.37,-19.43,60.89,100,1396,2481,5,60795.54,shark,2026-05-19T09:44:20.701119+00:00,2026-03-04T11:05:59.496000+00:00,Shark; Bullish; Large Gain; Breakeven; Scalper; Cons. Hi-Freq,no,non-positive 3M total PnL; below 80% win rate; drawdown >= 15%
860,9,60,0xa5d3ab342ecb6b191030fcd21212ef0006f9bfe4,0xa5d3...bfe4,-11816.59,-15.97,44.9,29.39,1392,2000,1,10548.13,shark,2026-04-08T14:16:04.584037+00:00,2026-01-31T23:36:30.339000+00:00,Shark; Bullish; Large Gain; Breakeven; Scalper; Cons. Hi-Freq,no,non-positive 3M total PnL; below 80% win rate; drawdown >= 15%
861,9,61,0x9d98535d791d614d3f90b426d8270e82500c57aa,0x9d98...57aa,-11869.96,-42.21,47.58,0,454,962,1,18875.55,shark,2026-05-19T09:57:16.434657+00:00,2026-03-16T17:37:48.294872+00:00,Shark; Bullish; Small Gain; Volatile Profit; Swinger; Aggr. Low-Freq,no,non-positive 3M total PnL; below 500 closed positions; below 80% win rate
862,9,62,0x55628371d55a65a41dd85be77adb4b11df6b40b6,0x5562...40b6,-11981.16,-119.52,28.76,0,831,1734,1,10708.59,shark,2026-05-18T18:09:33.940978+00:00,2026-03-07T07:03:01.933953+00:00,Shark; Neutral; Large Gain; Breakeven; Scalper; Cons. Hi-Freq,no,non-positive 3M total PnL; below 80% win rate
863,9,63,0x2917aa0b4dd6cd777a34594ef3ab11b75d7326b3,0x2917...26b3,-12009.93,-12.04,21.32,0,136,326,1,69898.1,shark,2026-05-19T09:43:15.037496+00:00,2025-08-29T10:14:07.623000+00:00,Shark; Bullish; Large Gain; Breakeven; Short-term; Cons. Hi-Freq,no,non-positive 3M total PnL; below 500 closed positions; below 80% win rate
864,9,64,0x507dadeace4af88cc7e9645a521a75cf9b6ff45d,0x507d...f45d,-12059.78,-119.4,24.25,100,569,1245,6,2016.01,shark,2026-05-19T10:13:09.543215+00:00,2026-03-09T18:54:03.813418+00:00,Shrimp; Bullish; Large Gain; Breakeven; Scalper; Cons. Hi-Freq,no,non-positive 3M total PnL; below 80% win rate; drawdown >= 15%
865,9,65,0x0cfab691385c83940eaa6c9ef87b2457b476033c,0x0cfa...033c,-12077.06,-12.08,18.28,100,93,111,5,99918.82,shark,2026-05-19T10:32:24.833312+00:00,2025-09-19T20:43:41.927000+00:00,Shark; Bullish; Small Gain; Volatile Profit; Swinger; Aggr. Low-Freq,no,non-positive 3M total PnL; below 500 closed positions; below 80% win rate; drawdown >= 15%
866,9,66,0x8d9e8ad88d8e64eec64d7ec1ecad8d85469efcdf,0x8d9e...fcdf,-12123.79,-9.75,0,0,179,445,0,50851.3,shark,2026-03-11T07:44:58.301203+00:00,2026-03-10T08:23:04.253266+00:00,Shark; Neutral; Mid Gain; Breakeven; Short-term; Cons. Hi-Freq,no,non-positive 3M total PnL; below 500 closed positions; below 80% win rate
867,9,67,0x8638eaf36a2d9b03fd20148e01ffdb03bfdf811a,0x8638...811a,-12165.71,-15.76,16.32,0,1023,2000,0,0.01,shark,2026-04-08T14:30:13.836490+00:00,2026-03-06T01:48:15.512000+00:00,Shark; Bullish; Large Gain; Breakeven; Scalper; Cons. Hi-Freq,no,non-positive 3M total PnL; below 80% win rate
868,9,68,0xdcf8a86ff20b0e42f31d76fa86bb5c6c8992cf4c,0xdcf8...cf4c,-12171.13,-121.18,2.91,0,172,472,1,25688.3,shark,2026-05-15T12:33:38.634757+00:00,2025-07-18T00:14:41.644000+00:00,Shark; Bullish; Large Gain; Breakeven; Short-term; Cons. Hi-Freq,no,non-positive 3M total PnL; below 500 closed positions; below 80% win rate
869,9,69,0x6a2e9eb637c4d34dbed0f03a793fd3ff5e99bdba,0x6a2e...bdba,-12329.08,-14.32,35.61,100,1345,3359,1,117512.09,whale_mid,2026-05-19T10:31:32.802173+00:00,2026-02-25T13:38:26.020000+00:00,Shark; Bullish; Mid Gain; Breakeven; Scalper; Cons. Hi-Freq,no,non-positive 3M total PnL; below 80% win rate; drawdown >= 15%
870,9,70,0x0d6fd5bba4f727eef37a7509dd03ad991f038920,0x0d6f...8920,-12372.52,-12.45,20,0,50,90,3,103117.31,whale_mid,2026-05-19T10:32:11.193298+00:00,2024-12-20T22:11:11.545000+00:00,Shark; Bullish; Mid Gain; Breakeven; Swinger; Aggr. Low-Freq,no,non-positive 3M total PnL; below 500 closed positions; below 80% win rate
871,9,71,0x865ea88754d2155dde0ab9ba09d02fc68a669a6f,0x865e...9a6f,-12435.88,-147.99,31.58,100,19,49,1,6781.71,shark,2026-05-19T10:09:35.575157+00:00,2026-03-04T20:55:43.544000+00:00,Shrimp; Bullish; Large Gain; Breakeven; Swinger; Aggr. Low-Freq,no,non-positive 3M total PnL; below 500 closed positions; below 80% win rate; drawdown >= 15%
872,9,72,0x1028a8bfba4ad62caf408fc6c541f42a9015b0c0,0x1028...b0c0,-12626.2,-105.45,40.14,100,568,908,0,11973.32,shark,2026-03-15T02:55:06.372852+00:00,2024-12-19T04:05:19.006000+00:00,Shark; Bullish; Large Gain; Breakeven; Scalper; Cons. Hi-Freq,no,non-positive 3M total PnL; below 80% win rate; drawdown >= 15%
873,9,73,0x353bd2e5da5f01707dfad0dd86907561ac66cc38,0x353b...cc38,-12641.69,-14.17,23.19,100,276,634,2,90063.75,shark,2026-05-19T10:38:29.910915+00:00,2025-09-23T03:04:03.253000+00:00,Shark; Bullish; Large Gain; Breakeven; Short-term; Cons. Hi-Freq,no,non-positive 3M total PnL; below 500 closed positions; below 80% win rate; drawdown >= 15%
874,9,74,0xc77e056a46662f26ef86968142138be07644f28e,0xc77e...f28e,-12659.63,-83.4,12.86,100,70,179,4,41736.11,shark,2026-05-19T09:47:11.214763+00:00,2026-03-11T04:40:03.611740+00:00,Shark; Neutral; Small Gain; Volatile Profit; Long-term; Aggr. Low-Freq,no,non-positive 3M total PnL; below 500 closed positions; below 80% win rate; drawdown >= 15%
875,9,75,0xb8a9441abd14b0996d648e79844b36533c2596ad,0xb8a9...96ad,-12659.81,-77.7,23.83,0,277,508,1,11755.84,shark,2026-05-19T10:02:02.970702+00:00,2026-03-17T23:57:34.304000+00:00,Shark; Bullish; Large Gain; Breakeven; Scalper; Cons. Hi-Freq,no,non-positive 3M total PnL; below 500 closed positions; below 80% win rate
876,9,76,0x0fdd5a8d0a9cd0b360a840c064c13d7d38fcc3f2,0x0fdd...c3f2,-12841.22,-75.49,31.03,100,58,206,4,19199.45,shark,2026-05-19T09:56:46.681807+00:00,2026-03-09T00:13:07.464041+00:00,Shark; Bullish; Large Gain; Breakeven; Long-term; Aggr. Low-Freq,no,non-positive 3M total PnL; below 500 closed positions; below 80% win rate; drawdown >= 15%
877,9,77,0x3742414cd81791b8b0930fe730370d99f889a81b,0x3742...a81b,-12896,-111.96,6.9,0,464,1173,4,7743.47,shark,2026-05-19T10:08:01.891437+00:00,2026-04-17T02:20:55.881000+00:00,Shark; Bullish; Large Gain; Breakeven; Scalper; Cons. Hi-Freq,no,non-positive 3M total PnL; below 500 closed positions; below 80% win rate
878,9,78,0xf6dfde5cc94b1f596e3822cc151284ec04b4fab8,0xf6df...fab8,-12992.57,-128.59,53.33,100,45,87,2,9413.24,shark,2026-05-19T10:05:27.704371+00:00,2025-04-23T13:45:15.122000+00:00,Shark; Bullish; Large Gain; Volatile Profit; Long-term; Aggr. Low-Freq,no,non-positive 3M total PnL; below 500 closed positions; below 80% win rate; drawdown >= 15%
879,9,79,0x3496c0ba49daa5e811c72cc451a7279b213f737a,0x3496...737a,-13077.85,-59.02,32.27,0,220,447,4,20824.56,shark,2026-05-19T09:54:05.218926+00:00,2026-03-07T03:01:04.666817+00:00,Shark; Bullish; Mid Gain; Breakeven; Short-term; Cons. Hi-Freq,no,non-positive 3M total PnL; below 500 closed positions; below 80% win rate
880,9,80,0xc99e9fef458154748b476778a83a8a9410b548bd,0xc99e...48bd,-13099.88,-11.87,0,0,15,446,1,110364.25,whale_mid,2026-04-07T02:02:07.069348+00:00,2026-03-28T23:12:25.878000+00:00,Whale; Bullish; Large Gain; Breakeven; Short-term; Cons. Hi-Freq,no,non-positive 3M total PnL; below 500 closed positions; below 80% win rate
881,9,81,0x716373c2d4420f24d7137a0c524239b176c36af5,0x7163...6af5,-13156.11,-32.46,39.33,0,1022,2000,0,49820.78,shark,2026-05-19T09:45:09.443513+00:00,2026-03-07T20:19:03.589424+00:00,Shark; Neutral; Large Gain; Breakeven; Scalper; Cons. Hi-Freq,no,non-positive 3M total PnL; below 80% win rate
882,9,82,0x08308980d983529df38852231329617fff368939,0x0830...8939,-13169.22,-20.55,39.21,0,1367,2648,1,13807.8,shark,2026-05-19T10:00:48.805151+00:00,2026-02-07T14:52:32.495000+00:00,Shark; Neutral; Large Gain; Sustained Profit; Scalper; Asymmetric Pro,no,non-positive 3M total PnL; below 80% win rate
883,9,83,0x22a60014185f1486afb045219f76e4007fb71e4e,0x22a6...1e4e,-13280.73,-14.08,28.24,0,255,472,32,94284.63,shark,2026-05-19T10:33:13.854211+00:00,2025-12-29T02:07:48.963000+00:00,Shark; Bullish; Mid Gain; Breakeven; Short-term; Cons. Hi-Freq,no,non-positive 3M total PnL; below 500 closed positions; below 80% win rate
884,9,84,0x42fd5648cf21c158d15e4f58785760755b3f6623,0x42fd...6623,-13397.7,-0.72,44.22,100,5219,13189,1,1852756.28,whale,2026-05-19T10:38:37.760209+00:00,2026-02-27T12:33:27.400000+00:00,Mega Whale; Bullish; Mid Gain; Breakeven; Scalper; Cons. Hi-Freq,no,"non-positive 3M total PnL; above 3,000 closed positions; below 80% win rate; drawdown >= 15%"
885,9,85,0x0115dd9075a721c9604f2d3927c77cc0f4538734,0x0115...8734,-13428.18,-16.55,41.94,0,689,1721,1,14258.97,shark,2026-05-19T10:00:16.635458+00:00,2026-04-10T21:33:43.039000+00:00,Shark; Bullish; Large Gain; Breakeven; Scalper; Cons. Hi-Freq,no,non-positive 3M total PnL; below 80% win rate
886,9,86,0xb9873b4f390dfe69bc1651043f52313c419b1f0a,0xb987...1f0a,-13464.28,-56.66,10.72,0,1082,2000,1,6702.62,shark,2026-05-13T15:34:08.691548+00:00,2026-04-15T14:23:14.317000+00:00,Shark; Bullish; Large Gain; Breakeven; Scalper; Cons. Hi-Freq,no,non-positive 3M total PnL; below 80% win rate
887,9,87,0x64e8ae4ec8f455216d0d556a3df62c386d098345,0x64e8...8345,-13586.52,-16.98,44.27,100,1301,3011,2,39161.15,shark,2026-05-19T09:47:48.285446+00:00,2026-02-03T15:48:03.034000+00:00,Shark; Neutral; Large Gain; Breakeven; Short-term; Cons. Hi-Freq,no,non-positive 3M total PnL; below 80% win rate; drawdown >= 15%
888,9,88,0x711ac2bf9579539fb09006d1066cb709505c55fa,0x711a...55fa,-13601.78,-77.13,41.67,100,12,60,0,17550.99,shark,2026-04-02T14:47:05.101058+00:00,2026-03-10T17:47:06.332234+00:00,Shark; Bearish; Large Gain; Volatile Profit; Swinger; Aggr. Low-Freq,no,non-positive 3M total PnL; below 500 closed positions; below 80% win rate; drawdown >= 15%
889,9,89,0x2a6680fa24db07854b5be5e1da207ecb3225b0b0,0x2a66...b0b0,-13809.92,-19.58,2.53,0,356,894,0,70525.38,shark,2026-04-21T02:56:19.606579+00:00,2026-04-19T08:00:42.943000+00:00,Shark; Bearish; Large Gain; Breakeven; Scalper; Cons. Hi-Freq,no,non-positive 3M total PnL; below 500 closed positions; below 80% win rate
890,9,90,0x980dab6e88a5650a4ac109fa9bf63cad4fc701e1,0x980d...01e1,-13840.48,-48.03,13.04,0,1173,2000,2,6416.03,shark,2026-05-19T10:09:10.820919+00:00,2026-03-07T08:50:03.483762+00:00,Shark; Bullish; Large Gain; Breakeven; Scalper; Cons. Hi-Freq,no,non-positive 3M total PnL; below 80% win rate
891,9,91,0xbc767c4bde4de59ac3b3eb60ac3d390210e411b0,0xbc76...11b0,-13932.96,-74.63,45.93,0,1119,2000,1,27887.1,shark,2026-03-24T09:11:25.955717+00:00,2026-03-08T14:39:04.376220+00:00,Shark; Bullish; Large Gain; Breakeven; Scalper; Cons. Hi-Freq,no,non-positive 3M total PnL; below 80% win rate
892,9,92,0x4337a241dd81f774017db547c789f067f68f8501,0x4337...8501,-13959.21,-12.54,77.67,100,694,2000,1,69173.2,shark,2026-05-19T09:43:06.550282+00:00,2026-03-09T20:07:04.160967+00:00,Whale; Bullish; Mid Gain; Breakeven; Short-term; Cons. Hi-Freq,no,non-positive 3M total PnL; below 80% win rate; drawdown >= 15%
893,9,93,0x3042a6db38c1027c51db4538016cd9d99e5fbc0f,0x3042...bc0f,-13962.86,-16.53,24.49,100,923,1970,1,18655.04,shark,2026-05-15T12:36:16.510781+00:00,2026-01-31T17:08:54.148000+00:00,Shark; Bullish; Large Gain; Breakeven; Scalper; Cons. Hi-Freq,no,non-positive 3M total PnL; below 80% win rate; drawdown >= 15%
894,9,94,0xa6e182ddd1b881bdb7654a5366881faf13b51024,0xa6e1...1024,-14094.34,-28.8,15.22,0,749,2000,3,13913.91,shark,2026-05-19T09:57:29.545877+00:00,2026-03-09T22:11:08.997505+00:00,Shark; Bearish; Large Gain; Breakeven; Scalper; Cons. Hi-Freq,no,non-positive 3M total PnL; below 80% win rate
895,9,95,0x8afed4bb6de62fc87240074fb545916e237e2540,0x8afe...2540,-14125.09,-58.94,51.43,61.24,35,77,1,25352.24,shark,2026-05-19T09:51:12.781257+00:00,2025-06-10T11:17:55.412000+00:00,Shark; Neutral; Large Gain; Breakeven; Long-term; Aggr. Low-Freq,no,non-positive 3M total PnL; below 500 closed positions; below 80% win rate; drawdown >= 15%
896,9,96,0x369230903833572321f482ce33ce24dd7ca5b688,0x3692...b688,-14171.67,-90.21,0,0,105,319,1,17551.07,shark,2026-05-14T13:22:48.223822+00:00,2025-01-02T08:35:26.546000+00:00,Shark; Bullish; Large Gain; Breakeven; Short-term; Cons. Hi-Freq,no,non-positive 3M total PnL; below 500 closed positions; below 80% win rate
897,9,97,0xfed5557085d8377bbd910758eb61dbb1e0769d78,0xfed5...9d78,-14182.79,-81.78,41.76,100,376,737,11,11472.53,shark,2026-05-19T10:02:17.825994+00:00,2026-03-07T09:13:03.548917+00:00,Shark; Bullish; Large Gain; Breakeven; Scalper; Cons. Hi-Freq,no,non-positive 3M total PnL; below 500 closed positions; below 80% win rate; drawdown >= 15%
898,9,98,0x8ddd0b2885cfa3e51ea8a4577442ebe5ba9ce975,0x8ddd...e975,-14318.37,-84.43,27.29,0,828,1855,1,4635.64,shark,2026-05-12T09:24:48.470268+00:00,2025-11-18T23:01:18.348000+00:00,Shark; Bullish; Large Gain; Breakeven; Short-term; Cons. Hi-Freq,no,non-positive 3M total PnL; below 80% win rate
899,9,99,0x5535d0f8c7d2eda80dcb32fbf8a007c79d96b16b,0x5535...b16b,-14444.43,-17.9,31.13,0,453,979,1,55277.9,shark,2026-05-11T11:14:33.491515+00:00,2026-04-08T02:22:13.027000+00:00,Shark; Bullish; Large Gain; Breakeven; Scalper; Cons. Hi-Freq,no,non-positive 3M total PnL; below 500 closed positions; below 80% win rate
900,9,100,0x74805f6415654852fc77fc944ef9126a086c358b,0x7480...358b,-14466.83,-138.37,8.68,100,288,660,1,8003.56,shark,2026-05-18T20:21:21.636520+00:00,2025-11-24T23:34:00.598000+00:00,Shark; Neutral; Large Gain; Breakeven; Short-term; Cons. Hi-Freq,no,non-positive 3M total PnL; below 500 closed positions; below 80% win rate; drawdown >= 15%
901,10,1,0xe29a71644928e2a63312fba2556536f3b6aa220b,0xe29a...220b,-14467.85,-36.19,49.03,0,1191,2000,3,15379.01,shark,2026-05-19T09:59:31.913219+00:00,2026-03-09T14:54:02.587470+00:00,Shark; Bullish; Large Gain; Breakeven; Scalper; Cons. Hi-Freq,no,non-positive 3M total PnL; below 80% win rate
902,10,2,0xd915ce34475345082bd2991a5252b5c4f755496b,0xd915...496b,-14553.1,-288.92,10,0,10,26,0,11822.61,shark,2026-03-13T17:40:16.504765+00:00,2026-03-10T23:42:04.312602+00:00,Shrimp; Bullish; Mid Gain; Breakeven; Long-term; Aggr. Low-Freq,no,non-positive 3M total PnL; below 500 closed positions; below 80% win rate
903,10,3,0x3735716a90b16e402419f99623d8ec46d7077b6e,0x3735...7b6e,-14622.04,-107.38,20.12,100,865,2000,1,2173.28,shark,2026-05-14T02:44:56.768496+00:00,2026-03-09T01:21:03.615911+00:00,Shrimp; Bullish; Large Gain; Breakeven; Scalper; Cons. Hi-Freq,no,non-positive 3M total PnL; below 80% win rate; drawdown >= 15%
904,10,4,0x31a8071fcf09ecef126f4cf08571496ab407d6f8,0x31a8...d6f8,-14889.27,-75.23,37.33,100,75,296,3,13089.81,shark,2026-05-19T10:01:22.440673+00:00,2026-03-09T17:31:06.836392+00:00,Shark; Bullish; Mid Gain; Volatile Profit; Long-term; Aggr. Low-Freq,no,non-positive 3M total PnL; below 500 closed positions; below 80% win rate; drawdown >= 15%
905,10,5,0x193c6bcb33eab0b35989f2b6d1acc922b66409f2,0x193c...09f2,-14926.2,-14.45,34.98,100,1338,2000,0,0.05,shark,2026-05-19T10:14:57.800709+00:00,2026-03-11T07:42:03.671222+00:00,Whale; Bullish; Large Gain; Breakeven; Scalper; Cons. Hi-Freq,no,non-positive 3M total PnL; below 80% win rate; drawdown >= 15%
906,10,6,0x50f41045b5ddec5b7cd2d0712d679cf320b6d6dd,0x50f4...d6dd,-14965.86,-51.38,11.61,100,112,767,0,0.01,shark,2026-05-07T09:22:25.111514+00:00,2026-03-09T00:57:05.955934+00:00,Shrimp; Neutral; Large Gain; Breakeven; Short-term; Cons. Hi-Freq,no,non-positive 3M total PnL; below 500 closed positions; below 80% win rate; drawdown >= 15%
907,10,7,0x807689d19872d0fec7fcd9224f9e5ecea3488e03,0x8076...8e03,-14977.21,-60.12,6.07,0,214,441,0,24911.57,shark,2026-05-15T14:05:14.747592+00:00,2026-05-14T14:28:41.041000+00:00,Shark; Bullish; Large Gain; Breakeven; Short-term; Cons. Hi-Freq,no,non-positive 3M total PnL; below 500 closed positions; below 80% win rate
908,10,8,0x0e1a27b09821969de9b3b219f98714bdd695e4d5,0x0e1a...e4d5,-14997.14,-20.63,29.63,0,827,1801,1,41.29,shark,2026-04-30T11:13:43.141568+00:00,2026-03-07T06:25:15.345993+00:00,Shark; Bullish; Large Gain; Breakeven; Scalper; Cons. Hi-Freq,no,non-positive 3M total PnL; below 80% win rate
909,10,9,0xd0d9abfb9a8e477fe50a22e03732b3a082b9baa5,0xd0d9...baa5,-15028.01,-52.22,38.87,0,548,1162,0,28776.48,shark,2026-04-01T13:08:35.384529+00:00,2025-11-09T23:11:24.456000+00:00,Shark; Bullish; Large Gain; Breakeven; Scalper; Cons. Hi-Freq,no,non-positive 3M total PnL; below 80% win rate
910,10,10,0x30428a743e2a2f8d1c3fea017e0d76440435fa8d,0x3042...fa8d,-15093.81,-16.42,32.02,100,203,1040,1,188666.1,whale_mid,2026-05-19T10:30:33.851694+00:00,2025-11-21T12:47:56.960000+00:00,Shark; Bullish; Large Gain; Breakeven; Scalper; Cons. Hi-Freq,no,non-positive 3M total PnL; below 500 closed positions; below 80% win rate; drawdown >= 15%
911,10,11,0xf1489077fa6df778a411a59b393774e7d0cde5a1,0xf148...e5a1,-15212.99,-12.78,9.66,0,1511,2000,6,112693.8,whale_mid,2026-05-19T10:31:41.396677+00:00,2026-03-07T01:45:13.097886+00:00,Whale; Bullish; Large Gain; Breakeven; Scalper; Cons. Hi-Freq,no,non-positive 3M total PnL; below 80% win rate
912,10,12,0x817f2a732f9454e1b7cbab3cfc945c33da833e62,0x817f...3e62,-15296.78,-13.4,0,0,1252,2000,0,114172.51,whale_mid,2026-04-09T16:38:32.341800+00:00,2026-01-27T13:39:18.057000+00:00,Whale; Bullish; Large Gain; Breakeven; Scalper; Cons. Hi-Freq,no,non-positive 3M total PnL; below 80% win rate
913,10,13,0xcd353d93f3f9fc70f248dccdc944da768b55d6b2,0xcd35...d6b2,-15422.74,-11.96,29.58,0,1119,2000,0,0.02,shark,2026-05-19T10:14:58.845056+00:00,2026-03-07T03:19:14.489732+00:00,Whale; Neutral; Large Gain; Breakeven; Scalper; Cons. Hi-Freq,no,non-positive 3M total PnL; below 80% win rate
914,10,14,0x6e7d01d96794a7f11f2cb372f5fdced0ba46f8d3,0x6e7d...f8d3,-15477.47,-47.47,0,100,7,483,0,0.01,shark,2026-05-19T10:16:13.667760+00:00,2025-02-28T05:24:57.290000+00:00,Shark; Bearish; Large Gain; Breakeven; Short-term; Cons. Hi-Freq,no,non-positive 3M total PnL; below 500 closed positions; below 80% win rate; drawdown >= 15%
915,10,15,0x2731d303efd1d8254e2c8944547c1f8685f59ac9,0x2731...9ac9,-16083.27,-81.83,0,0,262,545,1,5426.17,shark,2026-03-22T23:18:14.928524+00:00,2026-03-09T02:48:03.537266+00:00,Shark; Bullish; Large Gain; Breakeven; Scalper; Cons. Hi-Freq,no,non-positive 3M total PnL; below 500 closed positions; below 80% win rate
916,10,16,0xf3745e9c05f2154386c986336ca0a0cf7c30d701,0xf374...d701,-16169.49,-18.82,14.1,100,986,2089,1,85916.07,shark,2026-05-12T09:53:25.928435+00:00,2026-04-16T06:44:47.930000+00:00,Shark; Bullish; Large Gain; Breakeven; Scalper; Cons. Hi-Freq,no,non-positive 3M total PnL; below 80% win rate; drawdown >= 15%
917,10,17,0xc84b3f4b3fa29d38e60b318e5d8a84802ef7cbeb,0xc84b...cbeb,-16182.17,-19.53,0,0,96,314,2,84730.64,shark,2026-05-19T10:38:40.053448+00:00,2026-05-13T16:23:21.037000+00:00,Shark; Bearish; Large Gain; Breakeven; Short-term; Cons. Hi-Freq,no,non-positive 3M total PnL; below 500 closed positions; below 80% win rate
918,10,18,0x27f6ce0989a9bbe3ad86ee43e4c2dad23dab8065,0x27f6...8065,-16204.65,-33.78,0,0,140,434,2,48921.78,shark,2026-03-18T20:02:06.534804+00:00,2026-03-08T02:52:03.790461+00:00,Whale; Bullish; Large Gain; Breakeven; Short-term; Cons. Hi-Freq,no,non-positive 3M total PnL; below 500 closed positions; below 80% win rate
919,10,19,0xca895b64f64474ea514679849940a59fd3f3f1ba,0xca89...f1ba,-16274.94,-8.08,17.73,100,564,990,0,203687.98,whale_mid,2026-05-19T10:30:29.503022+00:00,2025-11-24T21:43:05.431000+00:00,Whale; Bullish; Mid Gain; Breakeven; Scalper; Cons. Hi-Freq,no,non-positive 3M total PnL; below 80% win rate; drawdown >= 15%
920,10,20,0x87e8b39e166388f9fe6e57c291afc441c9e3a515,0x87e8...a515,-16523.15,-19.28,30.31,29.37,914,2000,2,19509.34,shark,2026-05-19T09:56:49.546103+00:00,2026-02-04T12:21:03.128000+00:00,Shark; Neutral; Large Gain; Breakeven; Scalper; Cons. Hi-Freq,no,non-positive 3M total PnL; below 80% win rate; drawdown >= 15%
921,10,21,0x51447a58623311e3e6c6e767d67dc36d890ad464,0x5144...d464,-16575.73,-17.59,50.58,100,1386,2000,0,0.02,shark,2026-05-19T10:14:59.280502+00:00,2026-02-12T16:55:31.922000+00:00,Shark; Bullish; Large Gain; Breakeven; Scalper; Cons. Hi-Freq,no,non-positive 3M total PnL; below 80% win rate; drawdown >= 15%
922,10,22,0x51905b930a1337c259d5f3a3fb4209f294b020a4,0x5190...20a4,-16611.12,-18.93,18.23,0,192,429,1,46966.48,shark,2026-05-19T02:09:33.161453+00:00,2026-05-12T10:17:52.812000+00:00,Shark; Bullish; Large Gain; Breakeven; Short-term; Cons. Hi-Freq,no,non-positive 3M total PnL; below 500 closed positions; below 80% win rate
923,10,23,0xacd2c7e45ab72ece1fddc9f1958cac547d7e20ae,0xacd2...20ae,-16613.64,-21.9,48.88,100,1739,2897,5,76259.88,shark,2026-05-19T09:41:23.574741+00:00,2026-02-11T20:01:07.616000+00:00,Shark; Bearish; Small Gain; Breakeven; Short-term; Cons. Hi-Freq,no,non-positive 3M total PnL; below 80% win rate; drawdown >= 15%
924,10,24,0xbb2a3c1f71a033c6c9badb8ad4df02fc2b61dddb,0xbb2a...dddb,-16751.3,-39.26,51.09,100,959,1968,3,29884.72,shark,2026-05-19T09:48:41.332156+00:00,2026-03-07T07:27:02.508282+00:00,Shark; Neutral; Large Gain; Breakeven; Scalper; Cons. Hi-Freq,no,non-positive 3M total PnL; below 80% win rate; drawdown >= 15%
925,10,25,0xa94f066de78ebb0d6757ba89182865c1fda6cd0d,0xa94f...cd0d,-16936.99,-18.14,21.35,0,871,2000,1,164.53,shark,2026-05-13T15:40:40.479744+00:00,2026-03-08T12:36:08.926028+00:00,Shark; Neutral; Large Gain; Breakeven; Scalper; Cons. Hi-Freq,no,non-positive 3M total PnL; below 80% win rate
926,10,26,0xe8112dc79b6f9d8f1e3a9e663ad895ce7ab47e7f,0xe811...7e7f,-17099.97,-110.24,25.59,0,809,2000,1,16476.29,shark,2026-05-19T09:57:52.057800+00:00,2026-03-07T07:22:01.775149+00:00,Shark; Bullish; Large Gain; Breakeven; Scalper; Cons. Hi-Freq,no,non-positive 3M total PnL; below 80% win rate
927,10,27,0x1465d3d5af2a367f3ca19092ec29ab7b392a732a,0x1465...732a,-17126.64,-112.73,55.67,100,997,2000,3,20597.34,shark,2026-05-19T09:53:36.029374+00:00,2026-03-08T04:32:03.810981+00:00,Shark; Bullish; Small Gain; Volatile Profit; Swinger; Aggr. Low-Freq,no,non-positive 3M total PnL; below 80% win rate; drawdown >= 15%
928,10,28,0x0467a4077548e6805abf4669f39cfa5ecb66e87f,0x0467...e87f,-17181.54,-19.54,3.78,0,1059,1871,3,78487.8,shark,2026-05-19T09:41:01.750825+00:00,2025-09-18T13:19:08.767000+00:00,Shark; Bullish; Large Gain; Breakeven; Scalper; Cons. Hi-Freq,no,non-positive 3M total PnL; below 80% win rate
929,10,29,0xadf12570c5043087cf8dc47f3c83f72196332bfa,0xadf1...2bfa,-17181.9,-58.43,35.77,0,956,2000,0,194.38,shark,2026-05-19T10:14:24.558547+00:00,2026-03-07T01:14:13.319415+00:00,Shrimp; Neutral; Large Gain; Breakeven; Scalper; Cons. Hi-Freq,no,non-positive 3M total PnL; below 80% win rate
930,10,30,0x208593aaca0766dcb57e404ec104d07fa9d32885,0x2085...2885,-17208.63,-154.83,34.93,0,1022,2000,1,5370.32,shark,2026-05-19T03:26:13.776482+00:00,2026-03-10T11:25:03.329919+00:00,Shark; Bullish; Large Gain; Breakeven; Scalper; Cons. Hi-Freq,no,non-positive 3M total PnL; below 80% win rate
931,10,31,0x79a01d81575a620658cff88721e945eeb749c619,0x79a0...c619,-17303.74,-21.14,0,0,24,688,1,13630.77,shark,2026-04-05T22:45:16.220249+00:00,2026-03-25T11:54:07.686000+00:00,Shark; Bearish; Large Gain; Breakeven; Scalper; Cons. Hi-Freq,no,non-positive 3M total PnL; below 500 closed positions; below 80% win rate
932,10,32,0x7af0b7a51c6bbf3970a5d0c79fc958f3d5ec58b7,0x7af0...58b7,-17371.27,-14.64,10.02,0,1168,2000,5,112827.78,whale_mid,2026-05-19T10:31:41.059468+00:00,2026-03-07T01:06:04.465707+00:00,Whale; Bullish; Large Gain; Breakeven; Scalper; Cons. Hi-Freq,no,non-positive 3M total PnL; below 80% win rate
933,10,33,0xe9c5540167edf4daecc19da2f2b76b373e47b573,0xe9c5...b573,-17468.09,-21.13,13.3,0,1745,2000,0,0.07,shark,2026-05-19T10:14:56.790551+00:00,2026-02-20T15:16:53.177000+00:00,Shark; Bullish; Large Gain; Breakeven; Scalper; Cons. Hi-Freq,no,non-positive 3M total PnL; below 80% win rate
934,10,34,0xa516541e599129095d14f7faf8b11ae670c837b0,0xa516...37b0,-17484.52,-17.97,0,0,98,620,2,5699.29,shark,2026-05-19T10:10:34.267965+00:00,2026-04-18T09:30:20.926000+00:00,Shark; Bullish; Large Gain; Breakeven; Scalper; Cons. Hi-Freq,no,non-positive 3M total PnL; below 500 closed positions; below 80% win rate
935,10,35,0xab486f4113795adf61ccbcfa94f39c0d921773a2,0xab48...73a2,-17567.82,-175.68,11.54,0,52,156,0,194.48,shark,2026-05-18T18:22:29.690122+00:00,2024-01-21T14:30:08.308000+00:00,Shark; Bullish; Large Gain; Breakeven; Long-term; Asymmetric Pro,no,non-positive 3M total PnL; below 500 closed positions; below 80% win rate
936,10,36,0x8c51b276a5acc71123a0246253390f619891827f,0x8c51...827f,-17678.45,-64.61,20.54,0,258,514,4,21319,shark,2026-05-19T09:53:41.757179+00:00,2026-03-18T16:58:06.006061+00:00,Shark; Bullish; Small Gain; Breakeven; Swinger; Aggr. Low-Freq,no,non-positive 3M total PnL; below 500 closed positions; below 80% win rate
937,10,37,0x968091651f2ed9a3556b61d03e7ade6d17c5bd95,0x9680...bd95,-17856.76,-3.48,59.4,100,234,1221,1,510643.17,whale,2026-05-12T09:49:56.546823+00:00,2025-12-17T16:39:35.030000+00:00,Mega Whale; Bullish; Small Gain; Breakeven; Scalper; Cons. Hi-Freq,no,non-positive 3M total PnL; below 500 closed positions; below 80% win rate; drawdown >= 15%
938,10,38,0xa716706dcad2e4460a53b304d703b9a2c4450b22,0xa716...0b22,-17967.49,-18.74,37.19,100,1288,2306,0,0.01,shark,2026-05-19T10:17:04.671168+00:00,2026-02-06T00:26:03.199000+00:00,Shark; Neutral; Mid Gain; Breakeven; Short-term; Cons. Hi-Freq,no,non-positive 3M total PnL; below 80% win rate; drawdown >= 15%
939,10,39,0x6f713fd42f173b163a9fbbcdbe6b26c7dbd6b2a2,0x6f71...b2a2,-18242.47,-146.81,1.63,0,123,498,3,61357.66,shark,2026-05-19T09:43:57.949252+00:00,2026-03-07T07:56:05.640136+00:00,Shark; Bullish; Large Gain; Breakeven; Short-term; Cons. Hi-Freq,no,non-positive 3M total PnL; below 500 closed positions; below 80% win rate
940,10,40,0x84abc08c0ea62e687c370154de1f38ea462f4d37,0x84ab...4d37,-18314.61,-4.53,1.45,0,69,1541,3,517210.72,whale,2026-05-19T10:29:25.343695+00:00,2026-02-03T06:20:53.104000+00:00,Whale; Bullish; Mid Gain; Breakeven; Scalper; Cons. Hi-Freq,no,non-positive 3M total PnL; below 500 closed positions; below 80% win rate
941,10,41,0x4b7bd4bc2398d62bce3b21f5e4fc3e6359b83f2a,0x4b7b...3f2a,-18334.87,-171.3,0,0,474,860,1,4361.46,shark,2026-05-19T10:10:36.493718+00:00,2024-02-18T05:24:03.098000+00:00,Shark; Bullish; Large Gain; Breakeven; Scalper; Cons. Hi-Freq,no,non-positive 3M total PnL; below 500 closed positions; below 80% win rate
942,10,42,0x390a671f39a8cd43f456de3976bea1bc9d9b14da,0x390a...14da,-18508.31,-30.49,48.21,100,1371,2712,0,0,shark,2026-05-19T10:17:10.479260+00:00,2026-01-13T10:11:39.225000+00:00,Shark; Bullish; Large Gain; Breakeven; Scalper; Cons. Hi-Freq,no,non-positive 3M total PnL; below 80% win rate; drawdown >= 15%
943,10,43,0x0af3036385dcb527984abae20f6675475707467e,0x0af3...467e,-18508.91,-19.35,55.9,100,1161,2970,0,0,shark,2026-05-19T10:17:39.989856+00:00,2026-02-16T13:06:58.129000+00:00,Shark; Bearish; Large Gain; Breakeven; Scalper; Cons. Hi-Freq,no,non-positive 3M total PnL; below 80% win rate; drawdown >= 15%
944,10,44,0x4268c9e3c4476f91baabd87cff42feb378dc03bd,0x4268...03bd,-18527.31,-15.22,9.93,0,1510,2000,5,113731.69,whale_mid,2026-05-19T10:31:39.148227+00:00,2026-03-06T21:40:43.119916+00:00,Whale; Bullish; Large Gain; Breakeven; Scalper; Cons. Hi-Freq,no,non-positive 3M total PnL; below 80% win rate
945,10,45,0x7944642920df33bae461f86aa0cd0b4b8284330e,0x7944...330e,-18823.8,-22.71,34.52,100,1822,4908,1,37721.8,shark,2026-05-13T14:00:17.426872+00:00,2026-03-12T15:11:39.905000+00:00,Shark; Bullish; Large Gain; Breakeven; Scalper; Cons. Hi-Freq,no,non-positive 3M total PnL; below 80% win rate; drawdown >= 15%
946,10,46,0x5704be4870fe521723ec57a1c32de8ca1b508b15,0x5704...8b15,-19425.57,-55.81,35.01,100,1651,3989,1,34804.96,shark,2026-04-04T16:19:15.353133+00:00,2026-02-28T16:19:43.532000+00:00,Shark; Neutral; Mid Gain; Breakeven; Scalper; Cons. Hi-Freq,no,non-positive 3M total PnL; below 80% win rate; drawdown >= 15%
947,10,47,0xee57a50f40add28523419037cb4163eb31e30ee0,0xee57...0ee0,-19479.36,-20.89,5.75,100,730,2003,0,6000.68,shark,2026-05-18T20:24:14.774297+00:00,2026-03-07T04:22:17.587963+00:00,Shark; Bullish; Large Gain; Breakeven; Scalper; Cons. Hi-Freq,no,non-positive 3M total PnL; below 80% win rate; drawdown >= 15%
948,10,48,0x3b3542110e669e5ffce621adf4de0c6f43b73eb6,0x3b35...3eb6,-19563.92,-101.52,2.98,0,537,1300,1,2290.09,shark,2026-05-09T23:17:56.324744+00:00,2024-08-20T19:19:41.737000+00:00,Shark; Bullish; Large Gain; Breakeven; Scalper; Cons. Hi-Freq,no,non-positive 3M total PnL; below 80% win rate
949,10,49,0x919e02c65b1e524e75c5324cf6b86623db25252a,0x919e...252a,-19752.5,-168.54,51.79,100,728,1413,1,18211.7,shark,2026-05-19T09:56:44.774156+00:00,2026-03-10T05:38:06.106460+00:00,Shark; Bullish; Large Gain; Volatile Profit; Swinger; Aggr. Low-Freq,no,non-positive 3M total PnL; below 80% win rate; drawdown >= 15%
950,10,50,0xf3caec115dc53edbcdc5166fc8942b50cfd4623a,0xf3ca...623a,-19932.61,-130.17,0,0,136,420,1,9396.92,shark,2026-05-10T00:58:26.869535+00:00,2026-03-09T17:09:07.038244+00:00,Shrimp; Bullish; Large Gain; Breakeven; Short-term; Cons. Hi-Freq,no,non-positive 3M total PnL; below 500 closed positions; below 80% win rate
951,10,51,0x487c7898c8c8362cf709fd468090a457a5b7b808,0x487c...b808,-20022.93,-4.87,17.02,100,1093,2000,50,347529.78,whale_mid,2026-05-19T10:29:50.595800+00:00,2026-03-07T08:27:04.060806+00:00,Whale; Bullish; Mid Gain; Breakeven; Scalper; Cons. Hi-Freq,no,non-positive 3M total PnL; below 80% win rate; drawdown >= 15%
952,10,52,0xc2f3a965e92aa4017d17f925f3df337127bb02ea,0xc2f3...02ea,-20135.85,-24.13,44.55,100,1183,2000,0,0.09,shark,2026-05-19T10:14:55.836511+00:00,2026-02-18T06:54:27.109000+00:00,Shark; Bullish; Large Gain; Breakeven; Short-term; Cons. Hi-Freq,no,non-positive 3M total PnL; below 80% win rate; drawdown >= 15%
953,10,53,0x1d2a3b568e82678f22df040485b8cc006f3d0ea6,0x1d2a...0ea6,-20367.82,-20.03,30.56,100,1240,1992,0,0.08,shark,2026-05-19T10:14:56.002406+00:00,2026-02-06T00:20:13.532000+00:00,Whale; Neutral; Small Gain; Breakeven; Swinger; Aggr. Low-Freq,no,non-positive 3M total PnL; below 80% win rate; drawdown >= 15%
954,10,54,0xc8e6d36f7820e59f6ee22103dba110c77479fb6a,0xc8e6...fb6a,-20628.77,-165.63,0.18,0,1124,2000,0,12454.98,shark,2026-04-13T04:46:10.085374+00:00,2026-04-02T09:59:06.546000+00:00,Shark; Neutral; Large Gain; Breakeven; Scalper; Cons. Hi-Freq,no,non-positive 3M total PnL; below 80% win rate
955,10,55,0x1bfcfde0b5f0916bc6d8274e882c0dca3bc30959,0x1bfc...0959,-20663.54,-36.64,44.72,100,1013,1783,1,6992.7,shark,2026-05-19T10:08:28.082775+00:00,2026-03-05T18:37:34.993000+00:00,Shark; Bullish; Large Gain; Breakeven; Scalper; Cons. Hi-Freq,no,non-positive 3M total PnL; below 80% win rate; drawdown >= 15%
956,10,56,0x88250cf2f6402e856bc85fc65095e4a48bb12cb7,0x8825...2cb7,-20667.66,-3.41,38.47,0,759,1971,21,772743.9,whale,2026-05-19T10:38:14.732007+00:00,2026-03-08T14:18:04.233139+00:00,Mega Whale; Neutral; Mid Gain; Breakeven; Scalper; Cons. Hi-Freq,no,non-positive 3M total PnL; below 80% win rate
957,10,57,0x88944ba8335ed31bca1259398a533c8b907bfb75,0x8894...fb75,-20746.8,-93.85,6.58,0,76,125,2,65844.56,shark,2026-05-19T09:44:34.381394+00:00,2026-03-07T07:08:07.041485+00:00,Shark; Bullish; Mid Gain; Breakeven; Long-term; Aggr. Low-Freq,no,non-positive 3M total PnL; below 500 closed positions; below 80% win rate
958,10,58,0x4d3e7f2c578b5edc58eb352da6e73b1184db7a4a,0x4d3e...7a4a,-20772.06,-21.87,30.26,0,1183,2000,0,0.08,shark,2026-05-19T10:14:56.174063+00:00,2026-02-06T18:07:19.612000+00:00,Shark; Bullish; Large Gain; Breakeven; Scalper; Cons. Hi-Freq,no,non-positive 3M total PnL; below 80% win rate
959,10,59,0xfaf4d68bbb12be9178f5ce5e9e6def947c611f83,0xfaf4...1f83,-21101.14,-25.64,18.6,100,731,1431,3,82281.61,shark,2026-05-19T09:40:55.266736+00:00,2025-10-29T01:29:02.383000+00:00,Shark; Bullish; Mid Gain; Breakeven; Short-term; Cons. Hi-Freq,no,non-positive 3M total PnL; below 80% win rate; drawdown >= 15%
960,10,60,0xa4b3d1409c4ba11c76c09a8044d1729edcd2e8a0,0xa4b3...e8a0,-21130.27,-55.69,37.89,100,446,1603,2,16662.5,shark,2026-05-19T09:59:15.439795+00:00,2026-03-09T15:00:03.782997+00:00,Shark; Bearish; Small Gain; Breakeven; Short-term; Cons. Hi-Freq,no,non-positive 3M total PnL; below 500 closed positions; below 80% win rate; drawdown >= 15%
961,10,61,0xe5e1ff03f48e28fdd825664a3445f14de6b7e08b,0xe5e1...e08b,-21236.24,-156.97,0,0,249,537,4,5420.99,shark,2026-05-19T10:10:05.111158+00:00,2026-03-15T13:58:13.815000+00:00,Shark; Neutral; Large Gain; Breakeven; Scalper; Cons. Hi-Freq,no,non-positive 3M total PnL; below 500 closed positions; below 80% win rate
962,10,62,0x5e246496fdf6ecd94fef0172efd972a9fa1233c0,0x5e24...33c0,-21626.22,-34.86,60.66,100,1037,2356,2,4337.3,shark,2026-05-19T10:10:36.887192+00:00,2025-11-26T13:39:11.882000+00:00,Shark; Neutral; Large Gain; Breakeven; Scalper; Cons. Hi-Freq,no,non-positive 3M total PnL; below 80% win rate; drawdown >= 15%
963,10,63,0x69bd6ef34435b4dae8beb3edc232b52293424a50,0x69bd...4a50,-21703.93,-22.88,45.19,100,6373,13756,6,94652.24,shark,2026-05-19T10:33:12.830319+00:00,2026-03-07T01:05:05.609935+00:00,Shark; Neutral; Mid Gain; Breakeven; Scalper; Cons. Hi-Freq,no,"non-positive 3M total PnL; above 3,000 closed positions; below 80% win rate; drawdown >= 15%"
964,10,64,0x0a7e810c20e5d790c1f15e275bc791d2a02a353b,0x0a7e...353b,-21734.64,-120.28,53.33,0,15,109,0,0,shark,2026-05-19T10:18:05.371100+00:00,2026-03-11T15:49:04.751512+00:00,Shark; Bullish; Mid Gain; Breakeven; Swinger; Aggr. Low-Freq,no,non-positive 3M total PnL; below 500 closed positions; below 80% win rate
965,10,65,0xea254d892d1c130f7c6fb6a9ab16128e6905b78f,0xea25...b78f,-21803.27,-24.98,29,100,7472,16325,3,286809.29,whale_mid,2026-05-19T10:29:58.171864+00:00,2026-03-07T04:39:01.932503+00:00,Shark; Bullish; Large Gain; Breakeven; Scalper; Cons. Hi-Freq,no,"non-positive 3M total PnL; above 3,000 closed positions; below 80% win rate; drawdown >= 15%"
966,10,66,0xa0d0bac29e931c0439c80b8e7c7ff347247e522d,0xa0d0...522d,-22161.12,-66.52,20.84,0,715,1171,1,6356.81,shark,2026-04-22T05:14:43.967873+00:00,2026-04-21T01:53:46.915000+00:00,Shark; Bullish; Large Gain; Breakeven; Scalper; Cons. Hi-Freq,no,non-positive 3M total PnL; below 80% win rate
967,10,67,0x51cc158d2047050ef186ba2fbe6b0f157296410c,0x51cc...410c,-22211.04,-22.37,26.02,100,269,1103,1,226979.18,whale_mid,2026-05-19T10:30:21.524207+00:00,2026-01-28T08:45:52.575000+00:00,Shark; Bullish; Mid Gain; Breakeven; Short-term; Cons. Hi-Freq,no,non-positive 3M total PnL; below 500 closed positions; below 80% win rate; drawdown >= 15%
968,10,68,0x3a9c36fd7a071978914e1e6ebdbcd6dca8f51375,0x3a9c...1375,-22246.22,-27.73,46.88,100,834,1924,0,0,shark,2026-05-19T10:18:03.427664+00:00,2026-03-07T07:07:03.334932+00:00,Shark; Bullish; Large Gain; Breakeven; Scalper; Cons. Hi-Freq,no,non-positive 3M total PnL; below 80% win rate; drawdown >= 15%
969,10,69,0x4da4a2f69cb2f61a49efb7423b1f093b79c6f1f2,0x4da4...f1f2,-22493.09,-150.55,32.13,0,445,1115,1,19783.25,shark,2026-05-19T09:54:01.493867+00:00,2026-03-09T16:59:03.408362+00:00,Shark; Bullish; Large Gain; Breakeven; Scalper; Cons. Hi-Freq,no,non-positive 3M total PnL; below 500 closed positions; below 80% win rate
970,10,70,0xbf08dc6690da19de4d6b57c654f65283d13c34d4,0xbf08...34d4,-22619.29,-110.87,32.92,0,1118,2000,3,13036.69,shark,2026-05-19T10:01:21.140289+00:00,2026-03-07T10:16:04.672122+00:00,Shark; Bullish; Large Gain; Breakeven; Scalper; Cons. Hi-Freq,no,non-positive 3M total PnL; below 80% win rate
971,10,71,0x8f61bda42be4f511531164930d4545a10dd53acb,0x8f61...3acb,-22803.58,-53.51,22.22,100,27,55,2,274675.43,whale_mid,2026-05-19T10:30:09.685525+00:00,2026-05-11T18:06:25.529000+00:00,Shark; Bearish; Large Gain; Breakeven; Swinger; Aggr. Low-Freq,no,non-positive 3M total PnL; below 500 closed positions; below 80% win rate; drawdown >= 15%
972,10,72,0x02ea7af4762ad00870f07799e4adb3ba3d953660,0x02ea...3660,-22834.98,-18.4,17.31,0,809,1987,0,49215.38,shark,2026-05-12T00:54:20.144253+00:00,2026-03-09T04:58:04.458919+00:00,Whale; Bullish; Large Gain; Breakeven; Scalper; Cons. Hi-Freq,no,non-positive 3M total PnL; below 80% win rate
973,10,73,0xa3e4b0761efe4b54cf5901142dabf102bd6b0136,0xa3e4...0136,-22995.83,-48.31,17.69,100,147,325,0,45571.87,shark,2026-05-19T09:45:33.908905+00:00,2026-03-07T01:44:02.849883+00:00,Shark; Bullish; Mid Gain; Volatile Profit; Swinger; Aggr. Low-Freq,no,non-positive 3M total PnL; below 500 closed positions; below 80% win rate; drawdown >= 15%
974,10,74,0xf072549a014ba1e8b8782fcf0853ec8400cf5ec2,0xf072...5ec2,-23028.12,-70.29,0,0,1173,2000,1,182661.68,whale_mid,2026-05-19T10:30:35.714762+00:00,2026-03-11T10:25:03.464265+00:00,Shark; Bullish; Large Gain; Breakeven; Scalper; Cons. Hi-Freq,no,non-positive 3M total PnL; below 80% win rate
975,10,75,0xcbd909bc348c1fa36f0220b7f9ca187c057d7e19,0xcbd9...7e19,-23058.47,-3.8,51.39,0,1115,2000,1,2703.63,shark,2026-05-19T10:12:38.623030+00:00,2026-03-07T02:10:08.159394+00:00,Shark; Bullish; Mid Gain; Breakeven; Scalper; Cons. Hi-Freq,no,non-positive 3M total PnL; below 80% win rate
976,10,76,0x2b1e0bcefada121c5bc484a546e3ca0e2a8bee5b,0x2b1e...ee5b,-23108.81,-23.35,19.2,0,979,2045,2,56880.29,shark,2026-05-19T09:43:54.888378+00:00,2026-05-11T21:40:39.099000+00:00,Shark; Bullish; Large Gain; Breakeven; Scalper; Cons. Hi-Freq,no,non-positive 3M total PnL; below 80% win rate
977,10,77,0x4208020376ed59106cbd45434a3919714bc3a722,0x4208...a722,-23309.47,-23.81,45.43,100,744,1207,3,98710.53,shark,2026-05-19T10:33:05.599711+00:00,2025-12-23T21:46:00.183000+00:00,Shark; Bullish; Large Gain; Breakeven; Short-term; Cons. Hi-Freq,no,non-positive 3M total PnL; below 80% win rate; drawdown >= 15%
978,10,78,0x0ddcec3c593a9f577c888a6c9e56e8b0f5fcd048,0x0ddc...d048,-23760.49,-48.62,3.58,0,1286,2000,0,600.96,shark,2026-04-24T08:35:19.130951+00:00,2026-03-07T07:10:08.595329+00:00,Shark; Bullish; Large Gain; Breakeven; Scalper; Cons. Hi-Freq,no,non-positive 3M total PnL; below 80% win rate
979,10,79,0xb981a0c739dddb86a40c576aa1fd75f491184e0e,0xb981...4e0e,-23770.13,-27.35,33.73,100,1346,2891,1,25697.14,shark,2026-05-19T09:49:52.250226+00:00,2026-02-24T03:01:15.113000+00:00,Shark; Bullish; Mid Gain; Breakeven; Short-term; Cons. Hi-Freq,no,non-positive 3M total PnL; below 80% win rate; drawdown >= 15%
980,10,80,0x47649d96f78ea3a70db88c745913484cc558c7ae,0x4764...c7ae,-23788.22,-21.99,22.51,100,1217,2000,0,0.04,shark,2026-05-19T10:14:57.967447+00:00,2026-03-09T08:57:03.997013+00:00,Whale; Neutral; Large Gain; Breakeven; Scalper; Cons. Hi-Freq,no,non-positive 3M total PnL; below 80% win rate; drawdown >= 15%
981,10,81,0xa92fb6ddcfa8c71d2cc9dc2c6e141dcd385397fc,0xa92f...97fc,-24000.5,-13.94,0,0,20,2000,0,5049.98,shark,2026-05-19T10:10:22.342015+00:00,2026-03-10T08:54:03.514434+00:00,Whale; Bearish; Large Gain; Breakeven; Scalper; Cons. Hi-Freq,no,non-positive 3M total PnL; below 500 closed positions; below 80% win rate
982,10,82,0x664c9608c23ed687bff172c1595e8c3340422bf4,0x664c...2bf4,-24015.8,-50.98,23.01,0,239,658,0,47110.93,shark,2026-04-21T19:33:44.287466+00:00,2026-04-19T17:29:42.707000+00:00,Shark; Bullish; Large Gain; Breakeven; Scalper; Cons. Hi-Freq,no,non-positive 3M total PnL; below 500 closed positions; below 80% win rate
983,10,83,0xa22cbbca14d0d455da9fd81db104d00023f93410,0xa22c...3410,-24064.49,-107.34,21.74,0,161,316,2,17604.78,shark,2026-05-12T09:17:05.132755+00:00,2026-03-29T20:40:27.983000+00:00,Shark; Bullish; Large Gain; Breakeven; Short-term; Cons. Hi-Freq,no,non-positive 3M total PnL; below 500 closed positions; below 80% win rate
984,10,84,0xebbfdaeca588daacd9ea2d79e289dcd9774f5d5b,0xebbf...5d5b,-24264.86,-16.3,0,0,76,424,1,129711.48,whale_mid,2026-05-05T23:13:16.946075+00:00,2026-04-12T05:07:05.113000+00:00,Whale; Bullish; Large Gain; Breakeven; Short-term; Cons. Hi-Freq,no,non-positive 3M total PnL; below 500 closed positions; below 80% win rate
985,10,85,0xdab23e6d93e72c9838d61c1ae3c1c1e311800e79,0xdab2...0e79,-24863.99,-7,0,0,301,701,1,355080,whale_mid,2026-03-24T09:24:28.470986+00:00,2026-03-20T20:07:41.994000+00:00,Whale; Bearish; Mid Gain; Breakeven; Scalper; Cons. Hi-Freq,no,non-positive 3M total PnL; below 500 closed positions; below 80% win rate
986,10,86,0x8f1a2c6b584691479ae8dc885b63cd56a7385beb,0x8f1a...5beb,-25124.7,-28.4,36.54,100,1910,4532,0,70847.16,shark,2026-05-19T09:42:14.875961+00:00,2025-11-19T17:08:01.314000+00:00,Shark; Bullish; Large Gain; Breakeven; Scalper; Cons. Hi-Freq,no,non-positive 3M total PnL; below 80% win rate; drawdown >= 15%
987,10,87,0xa7d3e88c80b5c89860a7291f083ead7cf21f6aac,0xa7d3...6aac,-25273.88,-74.93,15.45,0,1683,2000,1,54422.77,shark,2026-05-19T09:44:46.419214+00:00,2026-03-07T19:44:05.731778+00:00,Shark; Bullish; Large Gain; Breakeven; Scalper; Cons. Hi-Freq,no,non-positive 3M total PnL; below 80% win rate
988,10,88,0xe4d933fb1e35c6e6a489ccc65561094e39efcb76,0xe4d9...cb76,-25349.19,-30.9,40.4,100,3349,6753,6,83342.29,shark,2026-05-19T10:39:12.042084+00:00,2026-02-11T04:44:27.631000+00:00,Shark; Neutral; Small Gain; Breakeven; Scalper; Cons. Hi-Freq,no,"non-positive 3M total PnL; above 3,000 closed positions; below 80% win rate; drawdown >= 15%"
989,10,89,0xf4b03f6bf1c7d529194410dc3d0775a1d7bff09b,0xf4b0...f09b,-25571.47,-3.72,13.01,0,607,2000,1,455576.37,whale_mid,2026-03-18T13:49:27.875330+00:00,2026-03-08T00:54:03.523465+00:00,Whale; Bullish; Mid Gain; Breakeven; Scalper; Cons. Hi-Freq,no,non-positive 3M total PnL; below 80% win rate
990,10,90,0x672a2a1669080f03d77cd28c514aa06322e9762d,0x672a...762d,-26812.53,-15.69,0,0,191,669,1,170934.8,whale_mid,2026-04-08T12:52:16.272828+00:00,2026-03-12T14:28:55.734000+00:00,Whale; Bullish; Large Gain; Breakeven; Scalper; Cons. Hi-Freq,no,non-positive 3M total PnL; below 500 closed positions; below 80% win rate
991,10,91,0x7c7160a23b32402ad24ed5a617b8a83f434642d4,0x7c71...42d4,-26814.83,-32.94,32.08,0,3463,7230,18,46096.99,shark,2026-05-19T09:46:20.933694+00:00,2026-03-07T03:13:14.114669+00:00,Shark; Neutral; Large Gain; Breakeven; Scalper; Cons. Hi-Freq,no,"non-positive 3M total PnL; above 3,000 closed positions; below 80% win rate"
992,10,92,0x06f03a585c8d20fecdf97238a8617aad771a6b39,0x06f0...6b39,-27194.58,-32.21,59.62,100,416,746,1,362438,whale_mid,2026-05-19T10:29:45.294045+00:00,2025-10-17T06:25:06.522000+00:00,Shark; Bearish; Small Gain; Volatile Profit; Swinger; Aggr. Low-Freq,no,non-positive 3M total PnL; below 500 closed positions; below 80% win rate; drawdown >= 15%
993,10,93,0xad036767df5bb93c4800ab3edbd285d56ecdbcf5,0xad03...bcf5,-27257.23,-33.18,18.05,0,665,1804,1,17213.57,shark,2026-05-19T09:57:54.662581+00:00,2026-03-07T02:04:02.329381+00:00,Shark; Bullish; Large Gain; Breakeven; Scalper; Cons. Hi-Freq,no,non-positive 3M total PnL; below 80% win rate
994,10,94,0x7a10750b5e7be7276f50a63a03f0d0b4a2dd2727,0x7a10...2727,-27271.81,-87.33,0,0,156,468,1,31229.61,shark,2026-04-07T18:44:12.880125+00:00,2026-03-27T14:30:42.135000+00:00,Shark; Bearish; Large Gain; Breakeven; Short-term; Cons. Hi-Freq,no,non-positive 3M total PnL; below 500 closed positions; below 80% win rate
995,10,95,0xfb865b8a291fc02f8cbe2d5a92b4b57f1980893c,0xfb86...893c,-27394.88,-84.53,48.89,100,45,81,7,12589.65,shark,2026-05-19T10:01:42.546040+00:00,2024-11-12T18:35:26.544000+00:00,Shark; Bullish; Large Gain; Volatile Profit; Swinger; Aggr. Low-Freq,no,non-positive 3M total PnL; below 500 closed positions; below 80% win rate; drawdown >= 15%
996,10,96,0x14084489890fdc569d9371c96f3db18b39895bcc,0x1408...5bcc,-27578.37,-65.19,51.95,100,256,3887,1,2704.82,shark,2026-05-10T08:47:55.347323+00:00,2025-09-14T16:02:36.976000+00:00,Shark; Bearish; Large Gain; Breakeven; Scalper; Cons. Hi-Freq,no,non-positive 3M total PnL; below 500 closed positions; below 80% win rate; drawdown >= 15%
997,10,97,0x39e5741eea4756358ef1f56ff8b1a1a496eb92c6,0x39e5...92c6,-28207.84,-96.37,0,0,357,422,0,29269.91,shark,2026-04-17T17:26:38.755366+00:00,2026-04-17T17:26:32.655000+00:00,Shark; Bullish; Large Gain; Breakeven; Short-term; Cons. Hi-Freq,no,non-positive 3M total PnL; below 500 closed positions; below 80% win rate
998,10,98,0xc10fdf97863582ff05c6eb2253cc9d5ea3b68e6a,0xc10f...8e6a,-28244.59,-40.76,24.92,42.71,666,1514,1,3438.5,shark,2026-05-19T10:10:56.269911+00:00,2026-01-23T19:16:37.752000+00:00,Shark; Neutral; Mid Gain; Breakeven; Scalper; Cons. Hi-Freq,no,non-positive 3M total PnL; below 80% win rate; drawdown >= 15%
999,10,99,0xd519e3032a7123d691f7d50e6ab653376726b071,0xd519...b071,-28436.1,-79.11,30.82,100,292,476,0,36318.82,shark,2026-03-21T10:36:35.018179+00:00,2026-03-08T06:20:04.334862+00:00,Shark; Bullish; Large Gain; Breakeven; Long-term; Aggr. Low-Freq,no,non-positive 3M total PnL; below 500 closed positions; below 80% win rate; drawdown >= 15%
1000,10,100,0x26e8db3dec31bf0c685b6e310828a4f41fe28c54,0x26e8...8c54,-28527.37,-357.38,19.53,0,901,2000,1,3439.49,shark,2026-05-19T10:12:17.806855+00:00,2026-03-07T19:56:04.196309+00:00,Shrimp; Bullish; Large Gain; Breakeven; Scalper; Cons. Hi-Freq,no,non-positive 3M total PnL; below 80% win rate
1001,11,1,0xa5fe8e6049b9ffdf1ba2f6b9050853e20af217db,0xa5fe...17db,-28593.78,-167.52,18.87,100,1076,2000,2,11974.33,shark,2026-05-19T10:01:45.180342+00:00,2026-03-09T02:48:03.506854+00:00,Shark; Bullish; Large Gain; Breakeven; Scalper; Cons. Hi-Freq,no,non-positive 3M total PnL; below 80% win rate; drawdown >= 15%
1002,11,2,0x57155b74a5dd252392e94ff043db017515c720b5,0x5715...20b5,-28774.29,-30.58,45.88,0,861,2000,1,165.15,shark,2026-05-12T07:44:58.683217+00:00,2026-03-07T16:21:06.353055+00:00,Shark; Bullish; Large Gain; Breakeven; Scalper; Cons. Hi-Freq,no,non-positive 3M total PnL; below 80% win rate
1003,11,3,0x5b23dab54350f1511fc7f11ea76d4f86c674f54c,0x5b23...f54c,-28776.51,-297.61,22,0,50,168,1,11098.12,shark,2026-05-19T10:02:17.099999+00:00,2024-12-17T07:49:37.867000+00:00,Shrimp; Bullish; Large Gain; Volatile Profit; Swinger; Aggr. Low-Freq,no,non-positive 3M total PnL; below 500 closed positions; below 80% win rate
1004,11,4,0xa880357fa7cf606ce65781c5f0272a732a519820,0xa880...9820,-28925.39,-29.7,34.31,100,1131,9165,0,45546.19,shark,2026-04-10T00:08:16.916376+00:00,2026-03-09T01:28:23.045000+00:00,Shark; Neutral; Large Gain; Breakeven; Scalper; Cons. Hi-Freq,no,non-positive 3M total PnL; below 80% win rate; drawdown >= 15%
1005,11,5,0xb7ae6c2850230b7d903aebd95c1fb2a4d525369f,0xb7ae...369f,-29220.8,-31.67,19.86,100,1148,2325,2,31967.45,shark,2026-05-19T09:48:19.682891+00:00,2026-03-01T07:19:17.971000+00:00,Shark; Bullish; Large Gain; Breakeven; Scalper; Cons. Hi-Freq,no,non-positive 3M total PnL; below 80% win rate; drawdown >= 15%
1006,11,6,0xfbd0b7a8f7db0a4961618ebd3ab7ecfef1ce3831,0xfbd0...3831,-29686.47,-86.51,24.36,0,1129,2000,5,29803.94,shark,2026-05-19T09:49:20.013027+00:00,2026-03-10T17:02:03.481904+00:00,Shark; Bullish; Large Gain; Breakeven; Scalper; Cons. Hi-Freq,no,non-positive 3M total PnL; below 80% win rate
1007,11,7,0x905c1ca2ac32ee0799e4aa31927f1166a93f3b17,0x905c...3b17,-29820.61,-28.4,26.73,0,1182,2635,6,112466,whale_mid,2026-05-19T10:31:41.477238+00:00,2025-10-08T20:44:43.504000+00:00,Whale; Bullish; Large Gain; Breakeven; Scalper; Cons. Hi-Freq,no,non-positive 3M total PnL; below 80% win rate
1008,11,8,0xfdb3cdd196df0b2c187d5631b2e1c639a4723dc8,0xfdb3...3dc8,-29879.73,-258.22,52.12,100,307,664,1,16198.25,shark,2026-05-19T09:58:33.975818+00:00,2026-03-09T03:12:03.950711+00:00,Shark; Bullish; Large Gain; Breakeven; Short-term; Asymmetric Pro,no,non-positive 3M total PnL; below 500 closed positions; below 80% win rate; drawdown >= 15%
1009,11,9,0x5e7ec3a6f88a98488d5311dd519d74832cfa6207,0x5e7e...6207,-29932.6,-152.83,19.62,0,1381,2000,1,41.62,shark,2026-04-10T11:51:29.560215+00:00,2026-03-08T20:52:03.456756+00:00,Shrimp; Bullish; Large Gain; Breakeven; Short-term; Cons. Hi-Freq,no,non-positive 3M total PnL; below 80% win rate
1010,11,10,0x1ab71cf3e39a36b5ada54f0575c6534ec04727ab,0x1ab7...27ab,-30173.73,-30.2,9.66,0,1325,2000,0,0.07,shark,2026-05-19T10:14:56.850670+00:00,2026-03-02T13:07:16.614000+00:00,Shark; Bullish; Large Gain; Breakeven; Scalper; Cons. Hi-Freq,no,non-positive 3M total PnL; below 80% win rate
1011,11,11,0xa650cbd841d3930df5adc53b9a35422fc558083b,0xa650...083b,-30196.02,-7.29,20.98,0,591,2000,2,225625.86,whale_mid,2026-05-19T10:30:20.670022+00:00,2026-03-07T19:20:03.388897+00:00,Whale; Bullish; Mid Gain; Breakeven; Scalper; Cons. Hi-Freq,no,non-positive 3M total PnL; below 80% win rate
1012,11,12,0x14bf0db9eb8a06305f857565af579412b0bbde29,0x14bf...de29,-30231.43,-76.59,32.58,0,445,1034,3,164507.21,whale_mid,2026-04-12T03:50:21.248521+00:00,2026-03-27T08:24:24.693000+00:00,Shark; Neutral; Large Gain; Breakeven; Scalper; Cons. Hi-Freq,no,non-positive 3M total PnL; below 500 closed positions; below 80% win rate
1013,11,13,0x5deba6cc9ee5796e8769effb30155b1c62021613,0x5deb...1613,-31333.95,-31.34,22.42,0,794,1814,0,99855.71,shark,2026-05-19T10:32:24.553513+00:00,2026-03-07T08:03:02.893179+00:00,Shark; Bullish; Mid Gain; Breakeven; Scalper; Cons. Hi-Freq,no,non-positive 3M total PnL; below 80% win rate
1014,11,14,0xf5c7778a74bee44b7dafbb0e05a9e2b502056770,0xf5c7...6770,-31420.54,-34.1,58.13,100,2823,6591,1,92152.51,shark,2026-05-19T10:33:15.936453+00:00,2026-03-04T02:42:06.622000+00:00,Shark; Bullish; Mid Gain; Sustained Profit; Scalper; Cons. Hi-Freq,no,non-positive 3M total PnL; below 80% win rate; drawdown >= 15%
1015,11,15,0x27bcf8047c6fda384f8a93a6e5a140b878fab691,0x27bc...b691,-31431.07,-2.34,33.19,100,2061,4166,1,1367006.96,whale,2026-05-19T10:38:26.245336+00:00,2026-02-03T09:29:27.775000+00:00,Mega Whale; Bullish; Small Gain; Breakeven; Scalper; Cons. Hi-Freq,no,non-positive 3M total PnL; below 80% win rate; drawdown >= 15%
1016,11,16,0x67e4c454c752a0965a098cf5ac4658854fa40bf9,0x67e4...0bf9,-31508.13,-36.3,13.67,0,922,1997,0,0.01,shark,2026-05-19T10:15:14.163300+00:00,2026-04-14T03:46:42.480965+00:00,Shark; Bullish; Large Gain; Breakeven; Scalper; Cons. Hi-Freq,no,non-positive 3M total PnL; below 80% win rate
1017,11,17,0x25fc48a0f63b00fa22d356613f115ce0b2f671e9,0x25fc...71e9,-32080.3,-52.17,48.71,100,893,1280,0,51281.35,shark,2026-05-12T09:55:45.670049+00:00,2026-01-20T12:39:18.588000+00:00,Shark; Bullish; Small Gain; Breakeven; Swinger; Aggr. Low-Freq,no,non-positive 3M total PnL; below 80% win rate; drawdown >= 15%
1018,11,18,0x7842cd6f0a05b39eaff9b45c9d8f32696661f587,0x7842...f587,-32458.49,-70.06,50.58,95.24,1127,1872,0,17121.59,shark,2026-04-06T21:16:03.416840+00:00,2025-11-02T15:06:15.926000+00:00,Shark; Bullish; Large Gain; Breakeven; Scalper; Cons. Hi-Freq,no,non-positive 3M total PnL; below 80% win rate; drawdown >= 15%
1019,11,19,0x6b06da993b1f12d82463fec75006913f98499b7c,0x6b06...9b7c,-32507.45,-18.37,50.41,0,123,426,7,844279.55,whale,2026-05-19T10:38:28.282907+00:00,2026-05-11T12:49:05.123000+00:00,Whale; Bullish; Large Gain; Breakeven; Short-term; Cons. Hi-Freq,no,non-positive 3M total PnL; below 500 closed positions; below 80% win rate
1020,11,20,0xd908620dd5320d9bf0e34c614f7cf9c933dcf680,0xd908...f680,-32561.44,-36.02,18.68,100,348,829,2,159794.23,whale_mid,2026-05-19T10:30:46.718792+00:00,2025-07-15T20:59:35.863000+00:00,Shark; Neutral; Large Gain; Breakeven; Scalper; Cons. Hi-Freq,no,non-positive 3M total PnL; below 500 closed positions; below 80% win rate; drawdown >= 15%
1021,11,21,0xb46de52f1e0335870706c2af30cd41000bc47c0a,0xb46d...7c0a,-32651.8,-24.73,1.98,0,1163,2000,0,144732.37,whale_mid,2026-03-10T06:01:00.356977+00:00,2026-03-08T19:34:05.640534+00:00,Whale; Bullish; Large Gain; Breakeven; Scalper; Cons. Hi-Freq,no,non-positive 3M total PnL; below 80% win rate
1022,11,22,0xea77a3e822c64af514e39ef29161abda96bbbcde,0xea77...bcde,-32892.71,-72.81,1.57,0,319,442,0,13761.94,shark,2026-05-19T10:00:58.352716+00:00,2026-04-09T10:56:10.516000+00:00,Shark; Bullish; Large Gain; Breakeven; Short-term; Cons. Hi-Freq,no,non-positive 3M total PnL; below 500 closed positions; below 80% win rate
1023,11,23,0x4ae51a4f68781d05814c07aee7c932213c075de8,0x4ae5...5de8,-33428.68,-57.14,40.64,100,251,386,3,13611.09,shark,2026-05-19T10:00:58.733576+00:00,2026-03-11T14:46:08.248541+00:00,Shark; Bullish; Small Gain; Volatile Profit; Swinger; Aggr. Low-Freq,no,non-positive 3M total PnL; below 500 closed positions; below 80% win rate; drawdown >= 15%
1024,11,24,0x7408e71e9ff46684b58337d022fdc8109fea58bc,0x7408...58bc,-34429.56,-5.02,9.84,0,1301,1927,1,496912.66,whale_mid,2026-05-19T10:29:30.181233+00:00,2026-03-05T17:15:54.897000+00:00,Mega Whale; Neutral; Mid Gain; Breakeven; Scalper; Cons. Hi-Freq,no,non-positive 3M total PnL; below 80% win rate
1025,11,25,0x90dbb196cacf24bd212b377a0dd62eaad5e8151b,0x90db...151b,-34731.25,-2.74,0,0,525,2685,3,1270863.81,whale,2026-05-19T10:38:29.315389+00:00,2026-02-26T18:33:13.815000+00:00,Mega Whale; Bullish; Small Gain; Breakeven; Scalper; Cons. Hi-Freq,no,non-positive 3M total PnL; below 80% win rate
1026,11,26,0x18e136f65bcf205d87bae8d74b35d335fccb43b4,0x18e1...43b4,-34964.32,-110.88,0,0,909,1997,1,258.42,shark,2026-05-04T16:50:21.860866+00:00,2026-04-12T08:15:55.921638+00:00,Shark; Bullish; Large Gain; Breakeven; Scalper; Cons. Hi-Freq,no,non-positive 3M total PnL; below 80% win rate
1027,11,27,0x178f639a89797fab52dd5cfcaddd383a563ffb78,0x178f...fb78,-35007.88,-35.01,26.38,0,1880,4728,3,100793.31,whale_mid,2026-05-19T10:32:19.630416+00:00,2026-02-06T14:37:00.466000+00:00,Shark; Bullish; Mid Gain; Breakeven; Scalper; Cons. Hi-Freq,no,non-positive 3M total PnL; below 80% win rate
1028,11,28,0xb76aa9f50ad74e91da3f3bd4dfd084ce0d3144f6,0xb76a...44f6,-35285.83,-17.04,37.1,100,2736,5310,1,207043.06,whale_mid,2026-04-12T03:50:06.042719+00:00,2025-10-11T10:46:20.225000+00:00,Whale; Bullish; Large Gain; Breakeven; Scalper; Cons. Hi-Freq,no,non-positive 3M total PnL; below 80% win rate; drawdown >= 15%
1029,11,29,0xdfaf7cd4ab0fc1d7f5ccf3216769f26bcd041a61,0xdfaf...1a61,-35371.94,-38.08,41.66,100,773,1524,4,122825.7,whale_mid,2026-05-19T10:31:29.112246+00:00,2026-03-27T14:02:02.541000+00:00,Shark; Bullish; Large Gain; Breakeven; Scalper; Cons. Hi-Freq,no,non-positive 3M total PnL; below 80% win rate; drawdown >= 15%
1030,11,30,0xe39fdb722dcabcea5b764b483f524de866f82253,0xe39f...2253,-35464.47,-105.58,28.79,0,66,539,1,12028,shark,2026-04-28T05:15:48.541113+00:00,2023-12-25T19:37:29.155000+00:00,Shark; Bullish; Large Gain; Breakeven; Short-term; Cons. Hi-Freq,no,non-positive 3M total PnL; below 500 closed positions; below 80% win rate
1031,11,31,0x4e155458a2d30695c29aaf1286a790f1a0badd03,0x4e15...dd03,-35470.69,-28.35,19.09,0,854,2018,0,0.01,shark,2026-05-19T10:16:04.452645+00:00,2025-11-18T06:49:14.644000+00:00,Whale; Neutral; Large Gain; Breakeven; Scalper; Cons. Hi-Freq,no,non-positive 3M total PnL; below 80% win rate
1032,11,32,0x7defab45247754d549e9405e4a265c677713fa07,0x7def...fa07,-35530.03,-2.16,14.52,100,737,1190,6,1644011.94,whale,2026-05-19T10:38:25.603093+00:00,2026-02-01T15:04:34.062000+00:00,Mega Whale; Neutral; Small Gain; Breakeven; Scalper; Cons. Hi-Freq,no,non-positive 3M total PnL; below 80% win rate; drawdown >= 15%
1033,11,33,0x28d3ed14c9d3cd6f4cafd76892c1f83b6acc9281,0x28d3...9281,-35747.09,-127.14,20.8,100,1096,2000,4,50089.14,shark,2026-05-19T09:44:58.471749+00:00,2026-03-08T04:54:03.846724+00:00,Shark; Bullish; Large Gain; Breakeven; Scalper; Cons. Hi-Freq,no,non-positive 3M total PnL; below 80% win rate; drawdown >= 15%
1034,11,34,0xef55c183135b0581120a66293b80166080f7f1a8,0xef55...f1a8,-35859.62,-36.27,14.92,100,362,861,2,216962.74,whale_mid,2026-05-19T10:30:23.256605+00:00,2026-01-28T12:34:23.928000+00:00,Shark; Bullish; Large Gain; Breakeven; Short-term; Cons. Hi-Freq,no,non-positive 3M total PnL; below 500 closed positions; below 80% win rate; drawdown >= 15%
1035,11,35,0xbb10cd8d80973afd9cdf703ac3a26b48b5fee677,0xbb10...e677,-36255.57,-155.19,29,100,1007,2000,0,53435.5,shark,2026-05-19T09:44:48.119747+00:00,2026-01-21T14:18:12.166000+00:00,Shark; Bullish; Large Gain; Breakeven; Short-term; Cons. Hi-Freq,no,non-positive 3M total PnL; below 80% win rate; drawdown >= 15%
1036,11,36,0x69551d151ebc5808a4678a635231750d153393b4,0x6955...93b4,-36276.29,-174.52,16.25,0,80,107,1,31913.84,shark,2026-05-19T09:48:38.551184+00:00,2026-03-07T10:01:05.025602+00:00,Shark; Bullish; Large Gain; Volatile Profit; Long-term; Aggr. Low-Freq,no,non-positive 3M total PnL; below 500 closed positions; below 80% win rate
1037,11,37,0x1e7127c81c8a58661a0811f026b6be66533934be,0x1e71...34be,-36386.4,-136.83,18.37,0,969,2000,4,27760.86,shark,2026-05-19T09:49:41.449220+00:00,2026-03-08T08:57:03.260681+00:00,Shark; Bullish; Large Gain; Breakeven; Scalper; Cons. Hi-Freq,no,non-positive 3M total PnL; below 80% win rate
1038,11,38,0x4b630c3c5ecbb1302705680793337bef695bd98f,0x4b63...d98f,-36870.54,-189.71,0,0,1,169,0,0,shark,2026-05-19T10:18:17.943199+00:00,2026-03-11T17:53:03.736937+00:00,Shark; Bearish; Large Gain; Breakeven; Swinger; Aggr. Low-Freq,no,non-positive 3M total PnL; below 500 closed positions; below 80% win rate
1039,11,39,0xf978890d06a117de2edd59aa98e8bff3661a6ca0,0xf978...6ca0,-37019.34,-311.13,51.1,0,730,2000,0,876.15,shark,2026-05-19T10:13:50.667861+00:00,2026-03-07T07:47:04.385929+00:00,Shrimp; Bearish; Large Gain; Breakeven; Scalper; Cons. Hi-Freq,no,non-positive 3M total PnL; below 80% win rate
1040,11,40,0x739a366b0c9d80a5115caf803f661e0675de25db,0x739a...25db,-37284.57,-61.76,12.22,0,1277,1952,1,60369.09,shark,2026-03-16T17:57:09.600715+00:00,2026-03-09T13:53:04.015705+00:00,Shark; Bullish; Large Gain; Breakeven; Scalper; Cons. Hi-Freq,no,non-positive 3M total PnL; below 80% win rate
1041,11,41,0xc1791da88cc94c9a39e606d8760183d21268dcbb,0xc179...dcbb,-37344.44,-292.2,25,0,12,65,1,50625.88,shark,2026-05-19T09:45:06.632132+00:00,2026-03-09T13:49:06.003779+00:00,Shark; Bullish; Large Gain; Breakeven; Long-term; Aggr. Low-Freq,no,non-positive 3M total PnL; below 500 closed positions; below 80% win rate
1042,11,42,0xde14cf450d7b154cb6976ef033c59c6b4ca989bc,0xde14...89bc,-37374.07,-44.21,47.02,100,2246,4759,2,82464.96,shark,2026-05-19T10:39:12.336056+00:00,2026-03-04T17:14:06.060000+00:00,Shark; Bullish; Large Gain; Sustained Profit; Scalper; Cons. Hi-Freq,no,non-positive 3M total PnL; below 80% win rate; drawdown >= 15%
1043,11,43,0x0648e9d812d8b757bf2d7e762f0648a10082d66d,0x0648...d66d,-37510.43,-350.94,54.2,100,441,965,0,2380.94,shark,2026-05-19T10:12:37.374526+00:00,2026-03-07T02:21:06.060239+00:00,Shark; Bullish; Large Gain; Breakeven; Scalper; Cons. Hi-Freq,no,non-positive 3M total PnL; below 500 closed positions; below 80% win rate; drawdown >= 15%
1044,11,44,0x9e669b12c31b2552cbab9e30266e83fd3e94f33f,0x9e66...f33f,-37537.44,-290.43,28.9,100,903,1677,0,2229.92,shark,2026-04-24T02:33:27.990635+00:00,2026-03-09T13:57:02.270866+00:00,Shrimp; Bullish; Large Gain; Breakeven; Scalper; Cons. Hi-Freq,no,non-positive 3M total PnL; below 80% win rate; drawdown >= 15%
1045,11,45,0x522b92bcc19d01fe7585a9823435fe8204bde0e0,0x522b...e0e0,-37576.79,-45.97,50.28,100,891,2130,1,34695.67,shark,2026-05-19T09:47:55.677993+00:00,2026-02-28T23:12:59.385000+00:00,Shark; Bullish; Large Gain; Breakeven; Scalper; Asymmetric Pro,no,non-positive 3M total PnL; below 80% win rate; drawdown >= 15%
1046,11,46,0xa72e756c91262c7bbe417dab6d65d2be28b1dc34,0xa72e...dc34,-38322.27,-39.54,27.62,100,181,312,88,98286.32,shark,2026-05-19T10:33:08.873774+00:00,2025-11-04T20:24:39.507000+00:00,Shark; Bearish; Small Gain; Volatile Profit; Long-term; Aggr. Low-Freq,no,non-positive 3M total PnL; below 500 closed positions; below 80% win rate; drawdown >= 15%
1047,11,47,0xfbe28a0bb38e52338dd5f1188cd22cebcdc3c8ea,0xfbe2...c8ea,-39158.17,-5.79,16.76,0,2053,3997,7,754527.09,whale,2026-05-19T10:38:20.915025+00:00,2026-02-25T18:24:48.040000+00:00,Mega Whale; Bullish; Mid Gain; Breakeven; Scalper; Cons. Hi-Freq,no,non-positive 3M total PnL; below 80% win rate
1048,11,48,0x2249e3790eba9a700304a96da0182174c2c91b2e,0x2249...1b2e,-39263.85,-39.53,38.9,100,6208,12702,5,107843.96,whale_mid,2026-05-19T10:31:51.197401+00:00,2026-03-02T20:10:47.893000+00:00,Shark; Bullish; Mid Gain; Breakeven; Scalper; Cons. Hi-Freq,no,"non-positive 3M total PnL; above 3,000 closed positions; below 80% win rate; drawdown >= 15%"
1049,11,49,0xb76bc3d01ac05fd8cb1078334923785f76fe0b3c,0xb76b...0b3c,-39339.8,-19.43,29.09,0,825,2000,2,53819,shark,2026-05-19T09:44:47.223086+00:00,2026-03-09T14:36:09.191339+00:00,Whale; Bullish; Mid Gain; Breakeven; Scalper; Cons. Hi-Freq,no,non-positive 3M total PnL; below 80% win rate
1050,11,50,0x38e5a93450fdfc99cf0502ab20329a16a65a599e,0x38e5...599e,-39416.83,-40.7,20.16,100,501,1242,0,42639.71,shark,2026-04-23T16:51:27.917320+00:00,2025-10-05T06:35:34.600000+00:00,Shark; Bullish; Large Gain; Breakeven; Scalper; Cons. Hi-Freq,no,non-positive 3M total PnL; below 80% win rate; drawdown >= 15%
1051,11,51,0x8038f072d9c4df90d7aa6c72a698cdb9046192f4,0x8038...92f4,-39437.74,-48.97,42.46,0,1267,2675,1,35816.92,shark,2026-05-19T09:48:08.572923+00:00,2026-02-16T15:57:43.232000+00:00,Shark; Neutral; Large Gain; Breakeven; Scalper; Cons. Hi-Freq,no,non-positive 3M total PnL; below 80% win rate
1052,11,52,0xbdba56dac0c99fa9a020045d9ccc774ed2489558,0xbdba...9558,-39547.92,-31.53,0,0,220,385,0,125428.07,whale_mid,2026-05-12T16:56:02.507456+00:00,2026-02-11T17:45:15.161000+00:00,Whale; Neutral; Large Gain; Breakeven; Short-term; Cons. Hi-Freq,no,non-positive 3M total PnL; below 500 closed positions; below 80% win rate
1053,11,53,0xa56b038e765056e30d26d738497ba78fdf8df4e8,0xa56b...f4e8,-40240.02,-93.64,2.69,0,967,2000,0,42971.47,shark,2026-05-19T09:46:20.875730+00:00,2026-04-14T16:25:42.780000+00:00,Shark; Bullish; Large Gain; Breakeven; Scalper; Cons. Hi-Freq,no,non-positive 3M total PnL; below 80% win rate
1054,11,54,0x9fd12a07f48689e72d706be662e936d99529e9ea,0x9fd1...e9ea,-40453.73,-40.53,45.3,100,5768,11192,5,106618.6,whale_mid,2026-05-19T10:32:05.976377+00:00,2026-03-07T01:12:03.858317+00:00,Shark; Bullish; Large Gain; Breakeven; Scalper; Cons. Hi-Freq,no,"non-positive 3M total PnL; above 3,000 closed positions; below 80% win rate; drawdown >= 15%"
1055,11,55,0x118c6cb819f6a585885241d582f992840fd73de5,0x118c...3de5,-40474.16,-59.71,63.71,100,835,1920,2,39393.2,shark,2026-05-19T09:47:23.402883+00:00,2026-03-07T09:50:03.359134+00:00,Whale; Neutral; Large Gain; Breakeven; Short-term; Cons. Hi-Freq,no,non-positive 3M total PnL; below 80% win rate; drawdown >= 15%
1056,11,56,0xade2c20e99aa3ce0222c67fc0061fb0a88e0a7c0,0xade2...a7c0,-40744.89,-40.94,38.79,100,1624,3528,0,223849.49,whale_mid,2026-05-19T10:30:22.219773+00:00,2026-03-03T08:49:27.796000+00:00,Shark; Bullish; Large Gain; Breakeven; Scalper; Cons. Hi-Freq,no,non-positive 3M total PnL; below 80% win rate; drawdown >= 15%
1057,11,57,0xd8ab60d5dc9e1ceb9065e14c501293eaf9ca7b35,0xd8ab...7b35,-41279.45,-21.29,38.48,0,972,1932,0,159992.69,whale_mid,2026-05-19T10:30:47.052212+00:00,2026-02-12T21:37:42.652000+00:00,Whale; Bullish; Large Gain; Breakeven; Short-term; Cons. Hi-Freq,no,non-positive 3M total PnL; below 80% win rate
1058,11,58,0x9939b97ca8a2c9a6f07be6a5da6d2fc52d0be303,0x9939...e303,-41315.79,-64.44,0.56,0,538,1869,1,64113.02,shark,2026-03-24T22:44:02.149957+00:00,2026-03-12T08:21:03.779754+00:00,Shark; Bearish; Large Gain; Breakeven; Scalper; Cons. Hi-Freq,no,non-positive 3M total PnL; below 80% win rate
1059,11,59,0x6e2c5323888a98cbbe4d29cfbf1113841ffcf48e,0x6e2c...f48e,-42284.41,-183.66,35.47,100,1734,2000,4,10,shark,2026-05-19T10:14:38.057589+00:00,2026-03-06T22:14:34.330208+00:00,Shark; Bullish; Large Gain; Breakeven; Scalper; Cons. Hi-Freq,no,non-positive 3M total PnL; below 80% win rate; drawdown >= 15%
1060,11,60,0xa853a60b728b8ccd5e228b7e6045b826cd6eeb0c,0xa853...eb0c,-42508.71,-150.14,36.38,0,613,1446,1,4358.77,shark,2026-05-19T10:10:36.195620+00:00,2026-03-07T14:23:05.864799+00:00,Shrimp; Bullish; Large Gain; Sustained Profit; Short-term; Asymmetric Pro,no,non-positive 3M total PnL; below 80% win rate
1061,11,61,0x13a0833e8201b37c161feb2df764159707f71409,0x13a0...1409,-42605.65,-27.36,39.26,0,833,1963,2,116238.27,whale_mid,2026-05-19T10:31:33.256083+00:00,2026-01-25T18:13:03.984000+00:00,Whale; Bearish; Small Gain; Volatile Profit; Swinger; Aggr. Low-Freq,no,non-positive 3M total PnL; below 80% win rate
1062,11,62,0xbbb23927fa6ac11fb668439bec8682ffac036125,0xbbb2...6125,-43171.48,-118.28,46.48,0,1022,2000,2,1373.96,shark,2026-05-19T10:13:30.598838+00:00,2026-03-07T16:58:06.024552+00:00,Shark; Bullish; Large Gain; Breakeven; Scalper; Cons. Hi-Freq,no,non-positive 3M total PnL; below 80% win rate
1063,11,63,0xf208b13968cf79db8ed788907e70c288a3169c0b,0xf208...9c0b,-44323.53,-54.91,3.42,0,585,730,1,69040.12,shark,2026-04-30T05:25:30.365678+00:00,2025-11-07T08:37:00.119000+00:00,Shark; Bullish; Large Gain; Breakeven; Scalper; Cons. Hi-Freq,no,non-positive 3M total PnL; below 80% win rate
1064,11,64,0x0ab01721cab5bc0c93f2d0d0cd2b034f8e618e99,0x0ab0...8e99,-45105.21,-16.08,36.45,100,1196,2000,0,192834.94,whale_mid,2026-05-19T10:30:32.957009+00:00,2026-03-07T11:19:02.164402+00:00,Whale; Bullish; Large Gain; Breakeven; Scalper; Cons. Hi-Freq,no,non-positive 3M total PnL; below 80% win rate; drawdown >= 15%
1065,11,65,0x7048b287889c5913d59f812795d7fd5d724be77a,0x7048...e77a,-45173.26,-4.74,35.22,100,1999,3877,6,989990.98,whale,2026-05-19T10:38:12.294379+00:00,2026-01-31T20:07:23.418000+00:00,Mega Whale; Bullish; Mid Gain; Breakeven; Scalper; Cons. Hi-Freq,no,non-positive 3M total PnL; below 80% win rate; drawdown >= 15%
1066,11,66,0x49dab3b6fd70cbdece09a09f364d22393ca7b258,0x49da...b258,-45383.24,-316.98,31.45,100,550,1383,0,2728.57,shark,2026-05-02T22:58:45.042768+00:00,2026-03-09T17:48:05.346125+00:00,Shark; Bullish; Mid Gain; Volatile Profit; Long-term; Aggr. Low-Freq,no,non-positive 3M total PnL; below 80% win rate; drawdown >= 15%
1067,11,67,0xcfdf98f367c063907c9fa1f6982fc947bbf1a5dd,0xcfdf...a5dd,-45715.89,-127.34,8.57,100,210,461,0,0,shark,2026-05-19T10:17:59.952892+00:00,2025-09-26T20:14:02.404000+00:00,Shark; Bullish; Large Gain; Breakeven; Short-term; Cons. Hi-Freq,no,non-positive 3M total PnL; below 500 closed positions; below 80% win rate; drawdown >= 15%
1068,11,68,0x14ced7aed7e5fb5642d95bd6f7158eda7fbef6d3,0x14ce...f6d3,-46565.52,-94.95,3.84,0,625,1326,1,20654.57,shark,2026-04-29T09:43:59.502518+00:00,2026-04-14T13:18:33.982000+00:00,Shark; Neutral; Large Gain; Breakeven; Scalper; Cons. Hi-Freq,no,non-positive 3M total PnL; below 80% win rate
1069,11,69,0x8a768e4ddf9873aff21f134f2c9fddee47a5c3a4,0x8a76...c3a4,-46571.24,-125.64,35.02,0,931,1863,2,47843.84,shark,2026-05-19T09:44:47.385252+00:00,2026-03-30T15:09:10.512143+00:00,Shark; Neutral; Large Gain; Breakeven; Scalper; Cons. Hi-Freq,no,non-positive 3M total PnL; below 80% win rate
1070,11,70,0xf6e0efd25be6f4302190ea44db596719aa400588,0xf6e0...0588,-46602.84,-145.82,42.91,100,1072,2060,0,31959.2,shark,2026-05-19T09:48:55.243317+00:00,2026-02-05T10:40:22.808000+00:00,Shark; Bullish; Large Gain; Breakeven; Scalper; Cons. Hi-Freq,no,non-positive 3M total PnL; below 80% win rate; drawdown >= 15%
1071,11,71,0x418130278570eaa1722600d5c391b2095e0ad800,0x4181...d800,-46720.17,-103.86,0,0,807,1996,0,44983.71,shark,2026-04-17T22:18:30.525135+00:00,2026-04-16T10:29:43.780000+00:00,Shark; Bullish; Large Gain; Breakeven; Scalper; Cons. Hi-Freq,no,non-positive 3M total PnL; below 80% win rate
1072,11,72,0xd736d75130dfe60e0f93a8788cc0e0bbf0eb35e1,0xd736...35e1,-47201.51,-56.57,4.13,0,1913,4286,1,312855.47,whale_mid,2026-05-15T12:53:07.035005+00:00,2026-04-27T17:59:51.783000+00:00,Shark; Bullish; Large Gain; Breakeven; Scalper; Cons. Hi-Freq,no,non-positive 3M total PnL; below 80% win rate
1073,11,73,0xd0f8ba3ae8bd9f13c548d42ab956b78f93e53a22,0xd0f8...3a22,-47313.76,-51.33,27.03,100,2453,4911,4,25639.87,shark,2026-05-19T09:52:24.352764+00:00,2026-03-07T07:10:18.255049+00:00,Shark; Bullish; Large Gain; Breakeven; Scalper; Cons. Hi-Freq,no,non-positive 3M total PnL; below 80% win rate; drawdown >= 15%
1074,11,74,0x880ad91eeb8da338c25cccb838a34e8ad050e0f9,0x880a...e0f9,-47424.41,-53.1,27.72,100,3272,6987,1,154370.2,whale_mid,2026-05-18T21:31:16.951069+00:00,2026-02-27T21:53:11.808000+00:00,Shark; Bullish; Large Gain; Breakeven; Scalper; Cons. Hi-Freq,no,"non-positive 3M total PnL; above 3,000 closed positions; below 80% win rate; drawdown >= 15%"
1075,11,75,0xb69b847f5d8b56c8cdcde0de81ade697949ff19d,0xb69b...f19d,-47535.89,-44.26,19.6,100,347,724,19,138100.22,whale_mid,2026-05-03T13:13:11.127539+00:00,2026-03-07T02:41:06.525706+00:00,Whale; Bullish; Large Gain; Breakeven; Short-term; Cons. Hi-Freq,no,non-positive 3M total PnL; below 500 closed positions; below 80% win rate; drawdown >= 15%
1076,11,76,0xfd5332af070f6ea742d0d72db2a261ebc461c973,0xfd53...c973,-47669.01,-388.49,21.34,0,164,291,2,18830.2,shark,2026-05-19T09:56:49.938256+00:00,2026-03-10T02:00:05.336742+00:00,Shark; Bullish; Large Gain; Volatile Profit; Long-term; Aggr. Low-Freq,no,non-positive 3M total PnL; below 500 closed positions; below 80% win rate
1077,11,77,0x1bbfb3a33600338d5a948618189649a4588d5fc4,0x1bbf...5fc4,-47926.08,-0.54,0,0,188,2453,1,8804488.57,whale,2026-05-19T10:38:32.979664+00:00,2026-01-31T18:51:12.965000+00:00,Mega Whale; Bullish; Small Gain; Breakeven; Scalper; Cons. Hi-Freq,no,non-positive 3M total PnL; below 500 closed positions; below 80% win rate
1078,11,78,0x2e47d1c100a69ae37a42c058df7c8fd3f66a37a2,0x2e47...37a2,-48218.2,-14.19,0,0,1093,2000,2,110573.82,whale_mid,2026-03-25T02:59:16.607411+00:00,2026-03-09T16:26:03.295355+00:00,Shrimp; Neutral; Large Gain; Breakeven; Scalper; Cons. Hi-Freq,no,non-positive 3M total PnL; below 80% win rate
1079,11,79,0xb6f1d510a8e18a9ba14cec92791c026f8f3b9072,0xb6f1...9072,-48690.2,-4.29,25.29,0,1724,4096,0,1134705.86,whale,2026-05-19T10:38:35.292932+00:00,2026-02-15T17:36:19.845000+00:00,Mega Whale; Bullish; Small Gain; Breakeven; Scalper; Cons. Hi-Freq,no,non-positive 3M total PnL; below 80% win rate
1080,11,80,0x191779545ef487a2197f8efbacf028d555aecef0,0x1917...cef0,-48816.91,-118.46,13.19,0,796,2000,0,17389.23,shark,2026-03-11T01:58:59.726342+00:00,2026-03-07T03:59:02.156462+00:00,Shark; Neutral; Large Gain; Breakeven; Scalper; Cons. Hi-Freq,no,non-positive 3M total PnL; below 80% win rate
1081,11,81,0x3a457c413500f8d6ecb543507c7a99d47e531d82,0x3a45...1d82,-48883.91,-17.9,42.91,0,254,452,0,226085.42,whale_mid,2026-05-19T10:30:21.452932+00:00,2025-12-15T02:16:55.233000+00:00,Whale; Bullish; Small Gain; Breakeven; Swinger; Aggr. Low-Freq,no,non-positive 3M total PnL; below 500 closed positions; below 80% win rate
1082,11,82,0x9a37179a2b2bacd9ff229e8c31f9b7bb34e36a9c,0x9a37...6a9c,-48956.29,-141.12,16.61,0,1397,3796,0,19574.21,shark,2026-05-19T09:56:35.775469+00:00,2026-03-07T13:08:03.550229+00:00,Shark; Bullish; Large Gain; Breakeven; Scalper; Cons. Hi-Freq,no,non-positive 3M total PnL; below 80% win rate
1083,11,83,0xf4b51671214e3736e3b31ffe982d46fae8bb4486,0xf4b5...4486,-49663.68,-60.69,33.89,0,1263,2000,1,33264.8,shark,2026-05-19T09:49:16.556574+00:00,2026-01-27T10:26:07.593000+00:00,Shark; Bullish; Mid Gain; Breakeven; Scalper; Cons. Hi-Freq,no,non-positive 3M total PnL; below 80% win rate
1084,11,84,0xdc931389c5ba42f4ef6202a2b678564e1d3c1350,0xdc93...1350,-51048.91,-54.02,32.18,0,202,490,1,111715.87,whale_mid,2026-05-19T10:31:42.958548+00:00,2026-05-05T11:55:31.887000+00:00,Shark; Bullish; Large Gain; Breakeven; Short-term; Cons. Hi-Freq,no,non-positive 3M total PnL; below 500 closed positions; below 80% win rate
1085,11,85,0x536c475f536ddc4999038600293d1a0e94cf3e1f,0x536c...3e1f,-51496.5,-21.77,44.39,0,793,2000,2,202193.13,whale_mid,2026-05-19T10:30:30.202985+00:00,2026-03-07T18:16:04.899354+00:00,Whale; Bullish; Large Gain; Breakeven; Scalper; Cons. Hi-Freq,no,non-positive 3M total PnL; below 80% win rate
1086,11,86,0x27388d079cb5cf1ad50f60ab4c260356449bf92b,0x2738...f92b,-51631.55,-54.62,29.3,100,611,972,2,184232.63,whale_mid,2026-05-19T10:30:34.802839+00:00,2025-09-10T12:17:20.710000+00:00,Shark; Bullish; Large Gain; Breakeven; Scalper; Cons. Hi-Freq,no,non-positive 3M total PnL; below 80% win rate; drawdown >= 15%
1087,11,87,0x7cb42a9fd91d7f2b506de9205254e41bede28439,0x7cb4...8439,-52851.72,-53.56,12.06,0,1277,1698,2,109395.06,whale_mid,2026-05-19T10:31:50.988486+00:00,2026-03-09T05:52:03.574570+00:00,Shark; Bullish; Large Gain; Breakeven; Scalper; Cons. Hi-Freq,no,non-positive 3M total PnL; below 80% win rate
1088,11,88,0x1cb6ae349d1f6aad4c8196c75a348996de7d9d88,0x1cb6...9d88,-52932.81,-57.8,6.16,0,568,1219,1,17459.33,shark,2026-05-19T09:52:43.877684+00:00,2026-03-14T15:35:59.014000+00:00,Shark; Bullish; Large Gain; Breakeven; Scalper; Cons. Hi-Freq,no,non-positive 3M total PnL; below 80% win rate
1089,11,89,0xab8046d69fe89dfef4fe03dde94915f1b3fbd23b,0xab80...d23b,-53101.25,-78.19,8.83,100,317,799,1,24125.01,shark,2026-05-19T09:51:38.141107+00:00,2024-12-14T05:08:23.553000+00:00,Shark; Neutral; Large Gain; Breakeven; Scalper; Cons. Hi-Freq,no,non-positive 3M total PnL; below 500 closed positions; below 80% win rate; drawdown >= 15%
1090,11,90,0xb188a5cb2593f7146349665deb06b101d2c733fd,0xb188...33fd,-53482.62,-107.47,0,0,472,914,0,49765.33,shark,2026-04-21T03:30:07.954715+00:00,2026-04-21T03:30:02.031000+00:00,Shark; Bullish; Large Gain; Breakeven; Scalper; Cons. Hi-Freq,no,non-positive 3M total PnL; below 500 closed positions; below 80% win rate
1091,11,91,0xa332ba1b9e55bbc48fb227fa27b6d3a74ca254da,0xa332...54da,-53917.57,-180.98,34.12,0,809,2000,2,55556.62,shark,2026-05-19T09:44:34.432855+00:00,2026-03-07T18:18:04.729756+00:00,Shark; Bullish; Large Gain; Breakeven; Scalper; Cons. Hi-Freq,no,non-positive 3M total PnL; below 80% win rate
1092,11,92,0x2d5d434ee6e9b832680d91d2e1ef063ba532b853,0x2d5d...b853,-54724.61,-61.22,24.72,100,615,1403,1,75443.42,shark,2026-05-19T09:41:37.139092+00:00,2025-12-16T13:04:29.207000+00:00,Shark; Neutral; Large Gain; Breakeven; Scalper; Cons. Hi-Freq,no,non-positive 3M total PnL; below 80% win rate; drawdown >= 15%
1093,11,93,0x0e8e0bc185488ff2a1d2804fb80e2ae5b8e5b26b,0x0e8e...b26b,-55088.53,-107.99,34.43,100,427,2000,0,53460.8,shark,2026-05-19T09:44:48.227293+00:00,2026-03-08T01:05:03.867372+00:00,Shark; Bullish; Small Gain; Breakeven; Scalper; Cons. Hi-Freq,no,non-positive 3M total PnL; below 500 closed positions; below 80% win rate; drawdown >= 15%
1094,11,94,0x296e27d522a2c44e5a47d6b324135873b9380a04,0x296e...0a04,-55191.26,-6.02,33.56,100,1332,2810,0,727001.13,whale,2026-05-19T10:38:37.027359+00:00,2026-01-31T14:28:14.469000+00:00,Mega Whale; Bullish; Large Gain; Breakeven; Scalper; Cons. Hi-Freq,no,non-positive 3M total PnL; below 80% win rate; drawdown >= 15%
1095,11,95,0x0a8626851aaca002763366cb02fc9b2240c6ce67,0x0a86...ce67,-55791.58,-187.37,42.93,0,941,2000,0,12480.05,shark,2026-05-19T10:01:32.351308+00:00,2026-03-11T13:40:03.618396+00:00,Shark; Neutral; Large Gain; Breakeven; Scalper; Cons. Hi-Freq,no,non-positive 3M total PnL; below 80% win rate
1096,11,96,0x8c45ea9b9e14a6ba9e02714ade9e9a4390fe22ee,0x8c45...22ee,-55948.17,-56.82,7.15,100,1258,2138,1,102813.6,whale_mid,2026-05-06T13:55:19.760683+00:00,2025-11-21T07:10:21.096000+00:00,Shark; Neutral; Large Gain; Breakeven; Scalper; Cons. Hi-Freq,no,non-positive 3M total PnL; below 80% win rate; drawdown >= 15%
1097,11,97,0x6e5875297f37c08a33b8a477be174c2f12b2d07d,0x6e58...d07d,-56428.41,-67.85,0,0,117,561,1,83162.26,shark,2026-05-15T12:23:29.198248+00:00,2026-05-12T19:03:48.148000+00:00,Shark; Bullish; Large Gain; Breakeven; Scalper; Cons. Hi-Freq,no,non-positive 3M total PnL; below 500 closed positions; below 80% win rate
1098,11,98,0xfd6faf1a4635e99ff036e81e8ea08d9eeabf7942,0xfd6f...7942,-56430.34,-419.81,0,0,201,493,1,4508.84,shark,2026-05-13T13:27:53.636026+00:00,2026-02-16T16:21:49.896000+00:00,Shark; Bullish; Large Gain; Breakeven; Short-term; Cons. Hi-Freq,no,non-positive 3M total PnL; below 500 closed positions; below 80% win rate
1099,11,99,0x12a101b3c28b0d4e611061980c8645c459663bf8,0x12a1...3bf8,-57250.68,-70.56,19.11,0,1826,4124,1,24626.84,shark,2026-05-19T09:51:20.604646+00:00,2026-03-09T14:04:03.463522+00:00,Shark; Bullish; Large Gain; Breakeven; Scalper; Cons. Hi-Freq,no,non-positive 3M total PnL; below 80% win rate
1100,11,100,0x4a7324b1d793f3014ca6560c78346420a65a2441,0x4a73...2441,-57497.63,-356.31,30.51,100,1301,2000,1,16365.92,shark,2026-05-13T15:21:17.996973+00:00,2026-03-08T02:14:03.324624+00:00,Shark; Bullish; Large Gain; Breakeven; Scalper; Cons. Hi-Freq,no,non-positive 3M total PnL; below 80% win rate; drawdown >= 15%
1101,12,1,0xd67ca2c6f8bc84acf4fa4472b82a8740dc0a53ff,0xd67c...53ff,-57978.49,-12.38,26.27,0,1199,2000,0,621165.18,whale,2026-05-19T10:29:12.397374+00:00,2026-03-10T09:39:03.964590+00:00,Whale; Bullish; Large Gain; Breakeven; Scalper; Cons. Hi-Freq,no,non-positive 3M total PnL; below 80% win rate
1102,12,2,0x7ef5df4d6a5192fc05285dd9e8d7cfd38d8b8a57,0x7ef5...8a57,-58074.36,-23.49,0.32,0,618,1357,2,187115.18,whale_mid,2026-05-19T10:30:34.517777+00:00,2026-03-08T04:32:03.804202+00:00,Whale; Bullish; Large Gain; Breakeven; Scalper; Cons. Hi-Freq,no,non-positive 3M total PnL; below 80% win rate
1103,12,3,0xbc8b92deb18a2ac9c1ffc1e522954dad81fe74bb,0xbc8b...74bb,-58147.17,-65.08,0,0,124,464,1,373182.82,whale_mid,2026-05-19T10:29:44.226492+00:00,2026-05-11T23:42:03.591000+00:00,Shark; Bullish; Large Gain; Breakeven; Short-term; Cons. Hi-Freq,no,non-positive 3M total PnL; below 500 closed positions; below 80% win rate
1104,12,4,0xe8e715d222e9684bca78723d12b84f16a3e354c3,0xe8e7...54c3,-59017.58,-154.65,12.79,0,766,2000,1,1502.01,shark,2026-05-09T14:40:14.256731+00:00,2026-03-10T15:49:03.938371+00:00,Shark; Bullish; Large Gain; Breakeven; Scalper; Cons. Hi-Freq,no,non-positive 3M total PnL; below 80% win rate
1105,12,5,0x1840bdb83caff17de910ec407cafb817678786b5,0x1840...86b5,-59710.2,-6.06,20.77,100,3408,6993,50,941761.59,whale,2026-05-19T10:38:18.154968+00:00,2026-03-04T08:28:03.854000+00:00,Mega Whale; Bullish; Mid Gain; Breakeven; Scalper; Cons. Hi-Freq,no,"non-positive 3M total PnL; above 3,000 closed positions; below 80% win rate; drawdown >= 15%"
1106,12,6,0x9c00d5e11cb1f2e4fcc94a204d50797072291256,0x9c00...1256,-60381.87,-70.99,41.81,100,3289,6675,1,30931.08,shark,2026-05-19T09:49:17.691782+00:00,2026-03-03T03:16:21.789000+00:00,Shark; Bullish; Large Gain; Breakeven; Scalper; Asymmetric Pro,no,"non-positive 3M total PnL; above 3,000 closed positions; below 80% win rate; drawdown >= 15%"
1107,12,7,0xa685e0303482ece79b16dc5c1a52bd9dae623dfa,0xa685...3dfa,-60780.18,-54.09,37.56,100,1065,2000,1,24852.72,shark,2026-05-19T09:51:27.628756+00:00,2026-03-07T06:49:02.199868+00:00,Whale; Bullish; Mid Gain; Breakeven; Scalper; Cons. Hi-Freq,no,non-positive 3M total PnL; below 80% win rate; drawdown >= 15%
1108,12,8,0x550cd6b6596e8bc32f9d4b2d51273fd520df7440,0x550c...7440,-63318.34,-543.93,39.64,100,946,2000,1,3800.34,shark,2026-05-19T10:10:49.260721+00:00,2026-03-07T11:33:03.299503+00:00,Shrimp; Bullish; Large Gain; Breakeven; Scalper; Cons. Hi-Freq,no,non-positive 3M total PnL; below 80% win rate; drawdown >= 15%
1109,12,9,0x202db88213dec0f8994284f2d85e41e3ff479219,0x202d...9219,-63494.23,-62.58,9.63,0,1443,1880,4,132038.39,whale_mid,2026-05-11T02:59:42.530966+00:00,2025-12-16T02:02:48.778000+00:00,Whale; Bearish; Small Gain; Breakeven; Scalper; Cons. Hi-Freq,no,non-positive 3M total PnL; below 80% win rate
1110,12,10,0xb5aa5aa4f2c7405f26ede83bfe7daec997811232,0xb5aa...1232,-64459.95,-55.85,31.9,0,5454,8023,0,49999,shark,2026-05-19T09:45:08.614072+00:00,2026-04-17T12:11:07.787549+00:00,Whale; Bullish; Large Gain; Breakeven; Scalper; Cons. Hi-Freq,no,"non-positive 3M total PnL; above 3,000 closed positions; below 80% win rate"
1111,12,11,0xea786fea9c79a8a9f8cf66b53222c9cda11aeed4,0xea78...eed4,-65822.57,-5.52,30.12,100,1461,2879,0,1193158.28,whale,2026-05-01T18:27:21.525838+00:00,2024-04-04T14:38:41.432000+00:00,Mega Whale; Bullish; Mid Gain; Breakeven; Scalper; Cons. Hi-Freq,no,non-positive 3M total PnL; below 80% win rate; drawdown >= 15%
1112,12,12,0xbfbedf880a3e5eecfbca99159caa32378702ad2b,0xbfbe...ad2b,-66391.46,-73.71,36.04,100,1021,1916,1,90070.49,shark,2026-05-12T00:48:33.566483+00:00,2026-04-12T05:20:42.287000+00:00,Shark; Bullish; Large Gain; Breakeven; Scalper; Cons. Hi-Freq,no,non-positive 3M total PnL; below 80% win rate; drawdown >= 15%
1113,12,13,0x5b58b4713ebaed279dd35fdb42324cddee324050,0x5b58...4050,-67444.31,-81.9,26.1,0,1678,3280,2,46073.03,shark,2026-05-19T09:45:22.401456+00:00,2026-02-18T15:56:18.437000+00:00,Shark; Bullish; Small Gain; Breakeven; Scalper; Cons. Hi-Freq,no,non-positive 3M total PnL; below 80% win rate
1114,12,14,0xaa0edd4a698a4ac1c4522374eb83a7496ee89532,0xaa0e...9532,-70753.38,-142.77,16.63,0,469,772,0,49557.69,shark,2026-04-29T10:50:13.052214+00:00,2026-01-19T09:02:32.268000+00:00,Shark; Bullish; Mid Gain; Breakeven; Swinger; Aggr. Low-Freq,no,non-positive 3M total PnL; below 500 closed positions; below 80% win rate
1115,12,15,0x8a5cd8bd74ab3f205ddcb3b73b2f66deadc6827f,0x8a5c...827f,-71759.07,-84.37,12.17,0,345,594,12,88889.22,shark,2026-05-19T10:38:31.699539+00:00,2026-01-08T08:44:07.585000+00:00,Shark; Bullish; Large Gain; Breakeven; Short-term; Asymmetric Pro,no,non-positive 3M total PnL; below 500 closed positions; below 80% win rate
1116,12,16,0xc3b1951ceffdcaf25640cb37ce1d6cf125579a03,0xc3b1...9a03,-71984.8,-73.37,38.17,0,841,2000,0,72.32,shark,2026-05-19T10:14:33.343054+00:00,2026-03-08T02:56:04.060380+00:00,Shark; Bullish; Large Gain; Breakeven; Scalper; Cons. Hi-Freq,no,non-positive 3M total PnL; below 80% win rate
1117,12,17,0xc3e5a4aafdafb35390c5d5eda00c58b2aff6a34c,0xc3e5...a34c,-72110.58,-708.08,62.63,0,396,763,0,0.01,shark,2026-05-19T10:16:09.781961+00:00,2025-11-24T01:40:42.863000+00:00,Shark; Bullish; Large Gain; Sustained Profit; Short-term; Asymmetric Pro,no,non-positive 3M total PnL; below 500 closed positions; below 80% win rate
1118,12,18,0xbb1c9aa0432d0258ca6cbfab712b75984f806c4b,0xbb1c...6c4b,-72445.14,-180.69,22.68,0,1164,2000,1,12063.32,shark,2026-03-22T20:26:57.520349+00:00,2026-02-17T02:46:21.001000+00:00,Shark; Bullish; Large Gain; Breakeven; Scalper; Cons. Hi-Freq,no,non-positive 3M total PnL; below 80% win rate
1119,12,19,0xddfe0b953e0c88aaa8f01f769ffeb8c856e80f51,0xddfe...0f51,-73238.63,-85.77,16.27,100,1506,3162,0,171112.83,whale_mid,2026-05-19T10:30:41.835559+00:00,2026-03-07T04:00:02.589078+00:00,Shark; Bullish; Large Gain; Breakeven; Scalper; Cons. Hi-Freq,no,non-positive 3M total PnL; below 80% win rate; drawdown >= 15%
1120,12,20,0x102467338792d8125d05856c4b4b43117c857fe3,0x1024...7fe3,-73711.05,-98.67,16.75,0,949,2000,1,235.84,shark,2026-04-02T13:04:14.424722+00:00,2026-03-07T11:23:04.050392+00:00,Shark; Neutral; Large Gain; Breakeven; Scalper; Cons. Hi-Freq,no,non-positive 3M total PnL; below 80% win rate
1121,12,21,0x2ce69c519e0b3592f6aa1febe78b4d60817ca0a7,0x2ce6...a0a7,-74603.99,-632.5,50.74,0,270,471,1,9631.23,shark,2026-05-19T10:05:14.566045+00:00,2026-03-09T12:59:04.188946+00:00,Shark; Bullish; Large Gain; Breakeven; Short-term; Asymmetric Pro,no,non-positive 3M total PnL; below 500 closed positions; below 80% win rate
1122,12,22,0xd470711252d74f232cd686ac5c4aefb05e1f43a7,0xd470...43a7,-75374.5,-62.08,41.04,0,5010,9178,1,121416.6,whale_mid,2026-05-10T20:32:07.248938+00:00,2026-03-07T14:25:03.222523+00:00,Whale; Bullish; Large Gain; Breakeven; Scalper; Cons. Hi-Freq,no,"non-positive 3M total PnL; above 3,000 closed positions; below 80% win rate"
1123,12,23,0xbcba40075931e0ad7c2ed723ba790c1124be081b,0xbcba...081b,-76467.93,-632.92,31.28,0,927,2000,16,25417.44,shark,2026-05-19T09:51:10.705770+00:00,2026-03-07T10:05:05.311532+00:00,Shark; Bullish; Large Gain; Breakeven; Scalper; Cons. Hi-Freq,no,non-positive 3M total PnL; below 80% win rate
1124,12,24,0x9ecf0d0797b9c03d96b477fe9fb091cf0c03faa9,0x9ecf...faa9,-77725.34,-347.33,31.13,100,726,1480,1,15732.58,shark,2026-05-19T09:59:15.127376+00:00,2026-03-09T15:39:07.520148+00:00,Shark; Bullish; Mid Gain; Breakeven; Long-term; Aggr. Low-Freq,no,non-positive 3M total PnL; below 80% win rate; drawdown >= 15%
1125,12,25,0x5ab7e4841847689f70b82ab52c167ed1e3aa70fb,0x5ab7...70fb,-79488,-531,64.04,100,1054,2000,0,27199.89,shark,2026-05-19T09:50:09.766577+00:00,2026-03-10T08:10:03.564557+00:00,Shark; Bullish; Mid Gain; Volatile Profit; Swinger; Aggr. Low-Freq,no,non-positive 3M total PnL; below 80% win rate; drawdown >= 15%
1126,12,26,0x0898fa5c3a02ac3b3c6a75d8fba1fcc0b9a14cf9,0x0898...4cf9,-79910.13,-21.09,10.58,0,898,2000,1,27309.7,shark,2026-05-19T09:50:20.718677+00:00,2026-03-11T17:27:03.418814+00:00,Whale; Neutral; Mid Gain; Breakeven; Scalper; Cons. Hi-Freq,no,non-positive 3M total PnL; below 80% win rate
1127,12,27,0x1d99b3711c440cfbcc58ff5460d79b1f3eef2e31,0x1d99...2e31,-81538.59,-291.34,24.63,0,410,1036,0,23831.18,shark,2026-05-19T09:52:40.141588+00:00,2025-07-09T22:19:31.043000+00:00,Shark; Bullish; Large Gain; Volatile Profit; Swinger; Aggr. Low-Freq,no,non-positive 3M total PnL; below 500 closed positions; below 80% win rate
1128,12,28,0x24f811236317adc9d9c850f7c0ff85c848b5fd40,0x24f8...fd40,-81655.12,-216.94,0,0,845,2000,2,54769.98,shark,2026-04-29T03:14:03.322541+00:00,2026-03-10T18:08:28.505000+00:00,Shark; Bullish; Large Gain; Breakeven; Scalper; Cons. Hi-Freq,no,non-positive 3M total PnL; below 80% win rate
1129,12,29,0x9f07dc88dc450978e5ddf973f6a0236a7cfbf99a,0x9f07...f99a,-82792.92,-6.38,37.68,100,3097,5354,10,615690.74,whale,2026-05-19T10:29:14.255839+00:00,2026-03-02T20:00:11.306000+00:00,Mega Whale; Neutral; Mid Gain; Breakeven; Scalper; Cons. Hi-Freq,no,"non-positive 3M total PnL; above 3,000 closed positions; below 80% win rate; drawdown >= 15%"
1130,12,30,0x2ab3da753851e34ad23a4f155d1196ec8d09c9d4,0x2ab3...c9d4,-84348.28,-85.24,57.18,100,369,843,1,98949.76,shark,2026-05-04T06:10:16.073106+00:00,2025-12-18T14:10:42.852000+00:00,Shark; Bullish; Large Gain; Breakeven; Short-term; Cons. Hi-Freq,no,non-positive 3M total PnL; below 500 closed positions; below 80% win rate; drawdown >= 15%
1131,12,31,0xb7dbd6012313c5f7d5fada7eb1213de2030970c4,0xb7db...70c4,-85343.94,-6.52,6.92,0,1993,5510,1,1310160.43,whale,2026-05-19T10:38:02.095876+00:00,2026-04-18T22:20:00.459000+00:00,Mega Whale; Bullish; Mid Gain; Breakeven; Scalper; Cons. Hi-Freq,no,non-positive 3M total PnL; below 80% win rate
1132,12,32,0xbd7d7ea34d2999c67b5a51cf8d8dace4dff64c10,0xbd7d...4c10,-88593.33,-89.2,33.98,0,1177,2000,0,21.31,shark,2026-05-19T10:14:36.206126+00:00,2026-03-10T16:40:03.705907+00:00,Shark; Neutral; Large Gain; Breakeven; Scalper; Cons. Hi-Freq,no,non-positive 3M total PnL; below 80% win rate
1133,12,33,0x8d9debfbb215aa0e2404027dfa11bdb608551b58,0x8d9d...1b58,-88933.65,-208.82,30.39,0,1168,2000,0,2163.13,shark,2026-03-28T12:27:11.182727+00:00,2026-03-07T19:20:03.373348+00:00,Whale; Bullish; Large Gain; Breakeven; Scalper; Cons. Hi-Freq,no,non-positive 3M total PnL; below 80% win rate
1134,12,34,0x434f3e0d9d2e2b880af135a44fe79f786f4a62b0,0x434f...62b0,-89619.63,-92.49,1.62,0,928,2000,1,53629.92,shark,2026-03-26T03:12:20.925897+00:00,2026-03-09T01:58:03.195312+00:00,Shark; Bullish; Large Gain; Breakeven; Scalper; Cons. Hi-Freq,no,non-positive 3M total PnL; below 80% win rate
1135,12,35,0x15df49f74171cd2157c89084f63e15fbd12c6ca1,0x15df...6ca1,-94453.55,-118.2,8.78,0,1435,4375,1,29688.97,shark,2026-05-11T09:30:36.806793+00:00,2026-03-07T19:02:03.653679+00:00,Shark; Bullish; Large Gain; Breakeven; Scalper; Cons. Hi-Freq,no,non-positive 3M total PnL; below 80% win rate
1136,12,36,0xc8514c208a71ee7f7b84743f5725b7217885adf9,0xc851...adf9,-94711.29,-38.37,33.47,100,717,2000,0,0,shark,2026-05-08T08:55:35.610338+00:00,2026-03-09T18:28:03.375558+00:00,Shrimp; Neutral; Large Gain; Breakeven; Scalper; Cons. Hi-Freq,no,non-positive 3M total PnL; below 80% win rate; drawdown >= 15%
1137,12,37,0x9f6fed26339789725b0751f57aeac23367ceee57,0x9f6f...ee57,-96720.55,-264.66,23.44,0,1297,1988,1,155425.47,whale_mid,2026-05-19T10:30:51.037972+00:00,2026-02-07T18:33:25.151000+00:00,Shark; Bullish; Large Gain; Breakeven; Short-term; Cons. Hi-Freq,no,non-positive 3M total PnL; below 80% win rate
1138,12,38,0x56e488dc314d6c9ad6c2e00bcfabf0fdf5cde693,0x56e4...e693,-97906.9,-120.36,25.5,0,855,2000,1,2779.51,shark,2026-05-09T12:48:47.380755+00:00,2026-02-15T18:39:40.106000+00:00,Shark; Bullish; Large Gain; Breakeven; Scalper; Cons. Hi-Freq,no,non-positive 3M total PnL; below 80% win rate
1139,12,39,0x2fd00440cb2d591c2a67663b5abbfc6775b2f30f,0x2fd0...f30f,-98291.83,-115.48,43.88,100,1871,4204,1,16414.71,shark,2026-05-14T06:20:02.450519+00:00,2026-01-08T12:34:22.096000+00:00,Shark; Neutral; Large Gain; Breakeven; Scalper; Cons. Hi-Freq,no,non-positive 3M total PnL; below 80% win rate; drawdown >= 15%
1140,12,40,0xf40f4129b137f30ab83dfe7f46a468fc6830865f,0xf40f...865f,-99448.8,-18.64,0,0,1010,2000,0,513177.31,whale,2026-05-19T10:29:26.905006+00:00,2026-03-10T02:50:04.664075+00:00,Whale; Bullish; Large Gain; Breakeven; Scalper; Cons. Hi-Freq,no,non-positive 3M total PnL; below 80% win rate
1141,12,41,0x5a9312c32337a4501c0faa982163ff15e177a0ca,0x5a93...a0ca,-100503.68,-116.13,26.7,100,1483,3722,1,152139.54,whale_mid,2026-05-11T16:18:13.306793+00:00,2026-03-07T11:43:03.041147+00:00,Shark; Bullish; Large Gain; Breakeven; Scalper; Cons. Hi-Freq,no,non-positive 3M total PnL; below 80% win rate; drawdown >= 15%
1142,12,42,0x585f4fbe2d2a889c286fa71fb81d01f30773f4b1,0x585f...f4b1,-100527.14,-26.42,45.24,100,924,2000,5,66518.39,shark,2026-05-19T09:43:07.204652+00:00,2026-03-07T05:17:03.661662+00:00,Whale; Bullish; Large Gain; Breakeven; Scalper; Cons. Hi-Freq,no,non-positive 3M total PnL; below 80% win rate; drawdown >= 15%
1143,12,43,0x2d6b0a258854d04f57c3ecbd0f10aae0fbd6ee65,0x2d6b...ee65,-101213.55,-157,20.62,0,5170,8588,1,58055.01,shark,2026-05-19T09:44:33.411626+00:00,2026-03-03T14:34:26.452000+00:00,Shark; Bullish; Large Gain; Breakeven; Scalper; Cons. Hi-Freq,no,"non-positive 3M total PnL; above 3,000 closed positions; below 80% win rate"
1144,12,44,0x53babe76166eae33c861aeddf9ce89af20311cd0,0x53ba...1cd0,-102564.71,-104.93,17.84,0,2276,4428,10,90125.86,shark,2026-05-19T10:38:33.486809+00:00,2026-03-07T02:26:01.848492+00:00,Shark; Bullish; Large Gain; Breakeven; Scalper; Cons. Hi-Freq,no,non-positive 3M total PnL; below 80% win rate
1145,12,45,0x71b6f48a30532d5822af3bf3816a87f066f901be,0x71b6...01be,-102576.61,-126.9,20.95,0,1098,2076,0,80831.12,shark,2026-05-19T09:41:08.978529+00:00,2026-03-10T03:07:03.203938+00:00,Shark; Bullish; Large Gain; Breakeven; Scalper; Cons. Hi-Freq,no,non-positive 3M total PnL; below 80% win rate
1146,12,46,0xc7f94fb3b3ba614b9b2bf80697ab5a31917005a2,0xc7f9...05a2,-103497.1,-127.35,40.35,0,57,1727,1,965905.39,whale,2026-05-19T10:38:13.488846+00:00,2026-03-10T04:40:06.642918+00:00,Shark; Bearish; Large Gain; Breakeven; Scalper; Cons. Hi-Freq,no,non-positive 3M total PnL; below 500 closed positions; below 80% win rate
1147,12,47,0x7213466fb8a382b977cc9086a12ecbc17e9d4df8,0x7213...4df8,-103826.03,-58.43,33.29,100,835,2000,1,297820.05,whale_mid,2026-05-19T10:29:55.700390+00:00,2026-03-07T06:53:20.514663+00:00,Whale; Bullish; Large Gain; Breakeven; Scalper; Cons. Hi-Freq,no,non-positive 3M total PnL; below 80% win rate; drawdown >= 15%
1148,12,48,0x2b667b8abc61d8bf25c3770861ff0971779f1b06,0x2b66...1b06,-104517.32,-288.27,10.37,0,791,1872,0,42053.65,shark,2026-04-24T16:43:20.756277+00:00,2026-04-02T21:13:27.371000+00:00,Shark; Bullish; Large Gain; Breakeven; Scalper; Cons. Hi-Freq,no,non-positive 3M total PnL; below 80% win rate
1149,12,49,0x8c2dfa4fabb8e7b0122e6d26e9a5b9ebb76e3102,0x8c2d...3102,-105454.92,-105.51,14.08,0,1136,2000,1,1147.47,shark,2026-05-19T10:13:32.727884+00:00,2026-03-07T19:42:03.484634+00:00,Shark; Bullish; Large Gain; Breakeven; Scalper; Cons. Hi-Freq,no,non-positive 3M total PnL; below 80% win rate
1150,12,50,0x3be8c8213b8423e21c43612d5c93cb78400743ea,0x3be8...43ea,-106737.63,-114.83,31.05,100,2090,3379,1,92954,shark,2026-05-18T13:25:35.082794+00:00,2026-01-20T16:19:59.347000+00:00,Shark; Bullish; Large Gain; Breakeven; Scalper; Cons. Hi-Freq,no,non-positive 3M total PnL; below 80% win rate; drawdown >= 15%
1151,12,51,0x2ca4927174ba283d8a57f60ef3589844035a2930,0x2ca4...2930,-109503.97,-37.17,24.59,0,1033,2000,1,204310.57,whale_mid,2026-05-19T10:30:29.196700+00:00,2026-03-06T21:46:30.328777+00:00,Whale; Neutral; Large Gain; Breakeven; Scalper; Cons. Hi-Freq,no,non-positive 3M total PnL; below 80% win rate
1152,12,52,0x5b62ea095423686c1dc4d068cee76c4c2d1ccb9e,0x5b62...cb9e,-111522.25,-801.87,13.02,0,968,2000,1,13472.41,shark,2026-04-04T04:48:07.062219+00:00,2026-03-01T16:50:44.615000+00:00,Shark; Bullish; Large Gain; Breakeven; Short-term; Cons. Hi-Freq,no,non-positive 3M total PnL; below 80% win rate
1153,12,53,0xfff09ba669aaf9e472824858d1ca54a8a1ee6758,0xfff0...6758,-112329.67,-155.35,38.13,0,994,2000,0,14452.96,shark,2026-04-12T03:53:34.487062+00:00,2026-02-26T21:50:58.324000+00:00,Shark; Bullish; Large Gain; Breakeven; Scalper; Cons. Hi-Freq,no,non-positive 3M total PnL; below 80% win rate
1154,12,54,0x90d9a0dd139569e581c9dee41c7020c024259673,0x90d9...9673,-114804.36,-143.29,0,0,359,832,2,7056.4,shark,2026-05-19T10:08:12.381034+00:00,2025-12-21T14:22:51.349000+00:00,Shark; Bullish; Mid Gain; Breakeven; Short-term; Cons. Hi-Freq,no,non-positive 3M total PnL; below 500 closed positions; below 80% win rate
1155,12,55,0xe1cb91810f6dae1f6155c7844e24feb43daf3df0,0xe1cb...3df0,-118601.77,-1043.26,36.1,100,842,2000,0,1886.23,shark,2026-03-23T13:57:11.427539+00:00,2026-03-07T15:18:04.088045+00:00,Shrimp; Bullish; Large Gain; Breakeven; Scalper; Cons. Hi-Freq,no,non-positive 3M total PnL; below 80% win rate; drawdown >= 15%
1156,12,56,0xe867fbdad3291530e41530301ecb77693850c78e,0xe867...c78e,-120642.17,-3.09,41.25,100,2645,5869,0,3900259.3,whale,2026-05-19T10:38:21.505611+00:00,2026-03-02T19:12:47.048000+00:00,Mega Whale; Bullish; Mid Gain; Breakeven; Scalper; Cons. Hi-Freq,no,non-positive 3M total PnL; below 80% win rate; drawdown >= 15%
1157,12,57,0xc2024e4bcab1ffd8281c512f81d3def0fd357940,0xc202...7940,-123390.99,-109.31,39.49,100,509,2000,1,24875.89,shark,2026-05-19T09:51:20.699846+00:00,2026-03-07T06:53:13.848648+00:00,Shark; Neutral; Large Gain; Breakeven; Scalper; Cons. Hi-Freq,no,non-positive 3M total PnL; below 80% win rate; drawdown >= 15%
1158,12,58,0x34e335a9fb68f141d01a7a56de0eb235560bbe58,0x34e3...be58,-124009.42,-1187.98,26.19,0,504,1161,1,10438.7,shark,2026-03-22T20:27:29.270667+00:00,2026-03-19T10:10:18.272000+00:00,Shark; Bullish; Large Gain; Breakeven; Scalper; Cons. Hi-Freq,no,non-positive 3M total PnL; below 80% win rate
1159,12,59,0xb69928c8891fda94f534f79b8acfe3b83773392e,0xb699...392e,-124992.64,-157,14.06,0,1088,2471,1,13105.75,shark,2026-05-15T05:53:33.611900+00:00,2026-04-18T11:11:35.785000+00:00,Shark; Neutral; Large Gain; Breakeven; Scalper; Cons. Hi-Freq,no,non-positive 3M total PnL; below 80% win rate
1160,12,60,0xc74a53a2b178b2806bd3ec99b7daabd041fd0771,0xc74a...0771,-125458.4,-463.49,0,0,236,569,0,27068.41,shark,2026-05-07T13:10:13.512355+00:00,2026-04-29T18:28:21.480000+00:00,Shark; Neutral; Large Gain; Breakeven; Scalper; Cons. Hi-Freq,no,non-positive 3M total PnL; below 500 closed positions; below 80% win rate
1161,12,61,0x58c6d652e07f7ffdd1e834ef16163a8d0c710895,0x58c6...0895,-126270.5,-131.47,38.9,100,401,2000,2,29458.79,shark,2026-05-14T18:03:59.254295+00:00,2026-02-16T16:00:11.370000+00:00,Shark; Bearish; Large Gain; Breakeven; Scalper; Cons. Hi-Freq,no,non-positive 3M total PnL; below 500 closed positions; below 80% win rate; drawdown >= 15%
1162,12,62,0x2cd991f48ba31536a96b772536a1daaaedf150ae,0x2cd9...50ae,-127711.47,-10.45,51.1,100,3241,6244,22,1073240.82,whale,2026-05-19T10:38:13.867091+00:00,2026-02-25T16:15:17.875000+00:00,Mega Whale; Neutral; Large Gain; Breakeven; Scalper; Cons. Hi-Freq,no,"non-positive 3M total PnL; above 3,000 closed positions; below 80% win rate; drawdown >= 15%"
1163,12,63,0xde6b2a06407575b98724818445178c1f5fd53361,0xde6b...3361,-132325.92,-65.36,0,0,90,443,0,940.41,shark,2026-05-12T09:27:36.951970+00:00,2025-09-15T09:01:42.355000+00:00,Whale; Bullish; Large Gain; Breakeven; Short-term; Cons. Hi-Freq,no,non-positive 3M total PnL; below 500 closed positions; below 80% win rate
1164,12,64,0x32802f989b4348a51dd0e61d23b78be1a0543469,0x3280...3469,-132332.94,-56.61,59.7,100,335,1575,1,759.62,shark,2026-05-19T10:13:52.699021+00:00,2025-12-20T22:56:13.936000+00:00,Whale; Bullish; Small Gain; Breakeven; Short-term; Cons. Hi-Freq,no,non-positive 3M total PnL; below 500 closed positions; below 80% win rate; drawdown >= 15%
1165,12,65,0xfd826dd24ab0adbdd1c17b333b3820793b4b96d8,0xfd82...96d8,-136056.44,-444.28,12.22,0,1039,2000,1,20576.2,shark,2026-03-18T16:12:25.899596+00:00,2026-02-06T15:31:55.275000+00:00,Shark; Bullish; Large Gain; Breakeven; Scalper; Cons. Hi-Freq,no,non-positive 3M total PnL; below 80% win rate
1166,12,66,0x6ae827976e8e8ad41a5c43f90cc9e0cad521202c,0x6ae8...202c,-136472.36,-76.78,20.54,0,1383,2000,1,25.55,shark,2026-04-29T16:23:23.307459+00:00,2026-03-07T01:21:02.183066+00:00,Whale; Bullish; Large Gain; Breakeven; Scalper; Cons. Hi-Freq,no,non-positive 3M total PnL; below 80% win rate
1167,12,67,0x4e22df72a5e6712aaffe34e27a51209b84168dd0,0x4e22...8dd0,-136697.35,-171.17,0,0,704,1994,0,79862.65,shark,2026-04-18T14:40:13.241198+00:00,2026-04-18T14:40:13.241198+00:00,Shark; Bullish; Large Gain; Breakeven; Scalper; Cons. Hi-Freq,no,non-positive 3M total PnL; below 80% win rate
1168,12,68,0x33ed9bbfb2d2f033d250b4acb8edeb25dc108e2f,0x33ed...8e2f,-140132.14,-163.44,11.36,0,757,1980,1,90125.86,shark,2026-05-19T10:39:08.339341+00:00,2025-09-21T08:24:22.870000+00:00,Shark; Bullish; Large Gain; Breakeven; Scalper; Cons. Hi-Freq,no,non-positive 3M total PnL; below 80% win rate
1169,12,69,0xea16aa8ac56ed76b6cd6f15b9857c20a6f255f7f,0xea16...5f7f,-140266.48,-76.15,0,0,579,837,0,184195.72,whale_mid,2026-05-15T13:48:29.989403+00:00,2026-05-14T15:36:43.339000+00:00,Whale; Bullish; Large Gain; Breakeven; Scalper; Cons. Hi-Freq,no,non-positive 3M total PnL; below 80% win rate
1170,12,70,0x2124121881299f60d6893066bc7d824e7cc1431f,0x2124...431f,-146376.9,-147.43,57.83,100,1252,2528,3,100285.83,whale_mid,2026-05-19T10:32:25.015051+00:00,2026-03-08T22:42:03.121379+00:00,Shark; Bullish; Large Gain; Breakeven; Scalper; Cons. Hi-Freq,no,non-positive 3M total PnL; below 80% win rate; drawdown >= 15%
1171,12,71,0xd0254dd9c10498b256b6ec3bd8de37a9ba4329de,0xd025...29de,-151670.01,-23.43,18.22,0,1416,2136,0,0,shark,2026-05-19T10:17:09.911033+00:00,2026-03-07T02:17:21.186578+00:00,Mega Whale; Bullish; Large Gain; Breakeven; Scalper; Cons. Hi-Freq,no,non-positive 3M total PnL; below 80% win rate
1172,12,72,0x90489a1f557fba381660192836446db659186c55,0x9048...6c55,-153595.35,-297.86,1.99,0,351,807,3,51566.66,shark,2026-03-31T20:48:29.568058+00:00,2025-08-05T23:00:22.167000+00:00,Shark; Bullish; Large Gain; Breakeven; Short-term; Cons. Hi-Freq,no,non-positive 3M total PnL; below 500 closed positions; below 80% win rate
1173,12,73,0x42ebc2303c4abba1ad1e47335a69bf053d19fb54,0x42eb...fb54,-157261.75,-10.13,77.78,100,3015,5613,1,1552660.87,whale,2026-04-12T03:58:37.025479+00:00,2026-03-14T02:32:48.008000+00:00,Mega Whale; Bullish; Large Gain; Breakeven; Scalper; Cons. Hi-Freq,no,"non-positive 3M total PnL; above 3,000 closed positions; below 80% win rate; drawdown >= 15%"
1174,12,74,0xbd3e5876cc7924be16c2534b1b990a808041469c,0xbd3e...469c,-157631.23,-190.27,6.82,0,2009,2880,0,28.95,shark,2026-05-19T10:14:35.538629+00:00,2026-03-22T00:43:25.594329+00:00,Shark; Bullish; Large Gain; Breakeven; Scalper; Cons. Hi-Freq,no,non-positive 3M total PnL; below 80% win rate
1175,12,75,0x45bb3b1cfbe071ee61b9d2a0fd629890f36c4b56,0x45bb...4b56,-159620.29,-270.88,23.36,0,745,1551,1,58926.78,shark,2026-03-31T08:38:29.709900+00:00,2026-03-11T14:30:03.244692+00:00,Shark; Bullish; Large Gain; Breakeven; Scalper; Cons. Hi-Freq,no,non-positive 3M total PnL; below 80% win rate
1176,12,76,0xae78adaba70f18c15418001263504af373884520,0xae78...4520,-161181.26,-172.71,22.88,100,1744,2202,1,94764.16,shark,2026-05-19T10:33:15.256812+00:00,2026-01-19T01:36:41.646000+00:00,Shark; Bullish; Large Gain; Breakeven; Scalper; Cons. Hi-Freq,no,non-positive 3M total PnL; below 80% win rate; drawdown >= 15%
1177,12,77,0x308fd47d492cf32d0f504c2a3e82bc25583b455b,0x308f...455b,-162728.17,-181.49,46.69,100,9381,13401,1,97473.61,shark,2026-05-19T10:38:31.518226+00:00,2026-03-07T06:07:02.886348+00:00,Shark; Bullish; Large Gain; Breakeven; Scalper; Cons. Hi-Freq,no,"non-positive 3M total PnL; above 3,000 closed positions; below 80% win rate; drawdown >= 15%"
1178,12,78,0xe668c4300f51344d8e6cee6294cb9cd1fb5fb5ca,0xe668...b5ca,-163432.33,-106.68,46.19,100,4609,9197,1,72989,shark,2026-05-19T09:41:37.224535+00:00,2026-03-13T08:04:25.777000+00:00,Whale; Bullish; Large Gain; Breakeven; Scalper; Cons. Hi-Freq,no,"non-positive 3M total PnL; above 3,000 closed positions; below 80% win rate; drawdown >= 15%"
1179,12,79,0x68a410113fab274d4e66685c1242e289ae76c01a,0x68a4...c01a,-166039.68,-186.14,10.99,0,5479,6826,1,361939.13,whale_mid,2026-05-19T10:29:45.409314+00:00,2026-03-03T21:27:22.627000+00:00,Shark; Bullish; Large Gain; Breakeven; Scalper; Cons. Hi-Freq,no,"non-positive 3M total PnL; above 3,000 closed positions; below 80% win rate"
1180,12,80,0x2759c9fd93e494c366e90eab777c7838de6da822,0x2759...a822,-166409.4,-254.64,20.19,100,1065,1921,1,682.73,shark,2026-05-15T13:00:32.482650+00:00,2026-03-06T21:20:26.412000+00:00,Shark; Bullish; Large Gain; Breakeven; Scalper; Cons. Hi-Freq,no,non-positive 3M total PnL; below 80% win rate; drawdown >= 15%
1181,12,81,0x7f00dd791feeb1ce749baec334873f5a78a9c6c8,0x7f00...c6c8,-166887.46,-189.7,0,0,753,1862,1,72205.32,shark,2026-05-19T09:42:04.802958+00:00,2026-03-06T17:01:18.233000+00:00,Shark; Bullish; Large Gain; Breakeven; Scalper; Cons. Hi-Freq,no,non-positive 3M total PnL; below 80% win rate
1182,12,82,0x7d0c59691fec7f3fea385cdc3126c37a41d91b28,0x7d0c...1b28,-172803.57,-8.77,52.37,100,15965,35700,10,1991518.27,whale,2026-05-19T10:38:22.890512+00:00,2026-03-04T20:53:37.580000+00:00,Mega Whale; Neutral; Mid Gain; Breakeven; Scalper; Cons. Hi-Freq,no,"non-positive 3M total PnL; above 3,000 closed positions; below 80% win rate; drawdown >= 15%"
1183,12,83,0x50fb96edf5161d9dc44f6e9c9a833aa881e3bb29,0x50fb...bb29,-173155.71,-473.2,36.55,0,1048,2000,1,43244.65,shark,2026-05-18T14:45:25.923333+00:00,2026-03-08T00:48:03.409489+00:00,Shark; Bullish; Large Gain; Breakeven; Scalper; Cons. Hi-Freq,no,non-positive 3M total PnL; below 80% win rate
1184,12,84,0xe83db6c7a6bac9fa27ea67e37ea41f1ad7910b30,0xe83d...0b30,-180533.61,-826.05,38.98,0,413,740,0,72112.07,shark,2026-05-19T09:42:08.604379+00:00,2026-03-09T13:44:04.832980+00:00,Shark; Bullish; Large Gain; Breakeven; Short-term; Cons. Hi-Freq,no,non-positive 3M total PnL; below 500 closed positions; below 80% win rate
1185,12,85,0x2eb4e287f1cf4801ca3768104fc6253c626b3401,0x2eb4...3401,-189044.58,-64.24,22.51,0,231,466,3,278364.19,whale_mid,2026-05-19T10:29:59.147833+00:00,2025-10-12T13:22:57.275000+00:00,Whale; Bullish; Large Gain; Breakeven; Swinger; Aggr. Low-Freq,no,non-positive 3M total PnL; below 500 closed positions; below 80% win rate
1186,12,86,0xd812d072b97e63b858908bff512a148245805028,0xd812...5028,-189779.52,-217.02,0,0,345,829,1,4512.62,shark,2026-05-18T15:16:08.297985+00:00,2025-11-06T13:23:18.591000+00:00,Shark; Bullish; Large Gain; Breakeven; Scalper; Cons. Hi-Freq,no,non-positive 3M total PnL; below 500 closed positions; below 80% win rate
1187,12,87,0x940e3e299854af2066dc29b15cd1991643bb626f,0x940e...626f,-193805.85,-27.89,33.78,0,666,1466,1,331771.71,whale_mid,2026-04-12T03:49:32.121956+00:00,2026-01-29T10:32:25.135000+00:00,Mega Whale; Bullish; Mid Gain; Breakeven; Scalper; Cons. Hi-Freq,no,non-positive 3M total PnL; below 80% win rate
1188,12,88,0x577ae91c7b74f04ddb3a5b399ded8318e9895fd2,0x577a...5fd2,-202677.98,-78.02,0,0,553,1534,1,259787.8,whale_mid,2026-04-08T04:47:16.251160+00:00,2026-03-12T08:33:05.944000+00:00,Whale; Neutral; Large Gain; Breakeven; Scalper; Cons. Hi-Freq,no,non-positive 3M total PnL; below 80% win rate
1189,12,89,0xd6e1a6f7bb47aca69aaa511210227d40926ff256,0xd6e1...f256,-206225.1,-39.76,29.21,0,921,1522,5,515184.98,whale,2026-05-19T10:29:26.191335+00:00,2026-03-07T02:30:05.548586+00:00,Mega Whale; Bullish; Large Gain; Breakeven; Scalper; Cons. Hi-Freq,no,non-positive 3M total PnL; below 80% win rate
1190,12,90,0x71f881be65fdcb3e13fc78610cf9ee6279929072,0x71f8...9072,-208528.53,-210.8,2.14,0,888,1883,3,26781.26,shark,2026-04-28T13:54:14.512998+00:00,2026-03-12T04:34:03.476614+00:00,Shark; Bullish; Large Gain; Breakeven; Scalper; Cons. Hi-Freq,no,non-positive 3M total PnL; below 80% win rate
1191,12,91,0x9cbf099ff424979439dfba03f00b5961784c06ce,0x9cbf...06ce,-208639.5,-16.35,16.08,100,1418,2317,4,966767.07,whale,2026-05-19T10:38:14.499813+00:00,2026-01-24T19:13:02.883000+00:00,Mega Whale; Bullish; Mid Gain; Breakeven; Scalper; Cons. Hi-Freq,no,non-positive 3M total PnL; below 80% win rate; drawdown >= 15%
1192,12,92,0x4a9ff585a6c272fa308395fa6666ff1236ba0624,0x4a9f...0624,-217202.37,-28.89,15.62,100,1876,3968,1,135911.75,whale_mid,2026-04-27T18:05:02.620515+00:00,2026-01-29T14:46:51.117000+00:00,Mega Whale; Bullish; Large Gain; Breakeven; Scalper; Cons. Hi-Freq,no,non-positive 3M total PnL; below 80% win rate; drawdown >= 15%
1193,12,93,0xe6e0e0dd371e4f9bd5218ab4bc0634d59705ae71,0xe6e0...ae71,-217712.44,-224.26,0,0,1164,2629,1,75468.17,shark,2026-04-29T18:42:29.877507+00:00,2026-04-17T13:55:55.875000+00:00,Shark; Bullish; Large Gain; Breakeven; Scalper; Cons. Hi-Freq,no,non-positive 3M total PnL; below 80% win rate
1194,12,94,0xeb3648865b1471996e5f65ae845f9eb9226b9a02,0xeb36...9a02,-219435.58,0,45.84,0,973,2000,0,0,shark,2026-05-19T10:18:03.735323+00:00,2026-03-07T21:28:03.374987+00:00,Shrimp; Bullish; Small Gain; Breakeven; Scalper; Cons. Hi-Freq,no,non-positive 3M total PnL; below 80% win rate
1195,12,95,0x9e1e409f901a7f6eb8108deef50b6d3d82208d4f,0x9e1e...8d4f,-228258.46,-118.02,45.99,0,1035,2000,1,3455.94,shark,2026-05-19T10:10:47.581172+00:00,2026-03-08T14:07:04.322832+00:00,Whale; Bullish; Large Gain; Breakeven; Scalper; Cons. Hi-Freq,no,non-positive 3M total PnL; below 80% win rate
1196,12,96,0x4aab8988462923ca3cbaa7e94df0cc523817cd64,0x4aab...cd64,-229848.13,-11.26,40.32,100,2971,5098,1,2041791.52,whale,2026-05-19T10:38:09.781281+00:00,2026-02-23T23:37:01.152000+00:00,Mega Whale; Bullish; Large Gain; Breakeven; Scalper; Cons. Hi-Freq,no,non-positive 3M total PnL; below 80% win rate; drawdown >= 15%
1197,12,97,0xcaf0afae31a689edc721cedbbc6a7eb519354f78,0xcaf0...4f78,-232361.59,-37.5,29.8,0,963,2000,0,0,shark,2026-05-19T10:17:58.688733+00:00,2026-03-07T04:56:06.057309+00:00,Whale; Neutral; Large Gain; Breakeven; Scalper; Cons. Hi-Freq,no,non-positive 3M total PnL; below 80% win rate
1198,12,98,0xa641557ad21090503498f6cef460e897ac6aa982,0xa641...a982,-236818.37,-289.22,41.87,100,4523,10833,1,65599.72,shark,2026-05-19T09:44:25.182988+00:00,2026-03-07T03:02:11.129735+00:00,Shark; Bullish; Large Gain; Breakeven; Scalper; Cons. Hi-Freq,no,"non-positive 3M total PnL; above 3,000 closed positions; below 80% win rate; drawdown >= 15%"
1199,12,99,0x1a2dfa6e618fea54aaaed6915312dd379b7e7bd1,0x1a2d...7bd1,-237780.73,-9.69,3.38,100,2069,5172,0,0.01,shark,2026-05-19T10:17:01.382859+00:00,2026-01-22T15:47:04.601000+00:00,Mega Whale; Neutral; Mid Gain; Breakeven; Scalper; Cons. Hi-Freq,no,non-positive 3M total PnL; below 80% win rate; drawdown >= 15%
1200,12,100,0xdfbdbc3ab86f6939cd303ea2b7f9c1b3a4e0685f,0xdfbd...685f,-258940.56,-299.3,12.04,0,2791,5513,2,399062.61,whale_mid,2026-05-19T10:29:41.618089+00:00,2026-04-12T17:00:41.470142+00:00,Shark; Bullish; Large Gain; Breakeven; Scalper; Cons. Hi-Freq,no,non-positive 3M total PnL; below 80% win rate
1201,13,1,0xe0ec9615f08407aba978c5e3a1a2f5362346fcdf,0xe0ec...fcdf,-260892.39,-291.08,10.63,0,922,1897,0,55554.08,shark,2026-04-22T17:23:09.632564+00:00,2025-10-13T03:10:33.789000+00:00,Shark; Bullish; Large Gain; Breakeven; Scalper; Cons. Hi-Freq,no,non-positive 3M total PnL; below 80% win rate
1202,13,2,0x6bd572af5cf71fdde43020f1a1c04bd643e12c07,0x6bd5...2c07,-263278.36,-64.65,4.87,0,513,2000,1,500784.57,whale,2026-05-19T10:29:28.812587+00:00,2026-03-07T13:53:03.286734+00:00,Whale; Bullish; Large Gain; Breakeven; Scalper; Cons. Hi-Freq,no,non-positive 3M total PnL; below 80% win rate
1203,13,3,0x4ff9b58ed112bf3df108d1d62bd95e7352ef38d3,0x4ff9...38d3,-267127.74,-16.83,44.6,100,1619,4670,0,318.43,shark,2026-05-19T10:14:15.538207+00:00,2026-03-08T22:41:31.761000+00:00,Mega Whale; Bearish; Large Gain; Breakeven; Scalper; Cons. Hi-Freq,no,non-positive 3M total PnL; below 80% win rate; drawdown >= 15%
1204,13,4,0x76e6b13da4958fa108f0bdd15e7601a676ad845e,0x76e6...845e,-267762.2,-34.48,0,0,586,586,2,840271.68,whale,2026-05-19T10:38:31.077287+00:00,2026-01-16T02:24:21.776000+00:00,Mega Whale; Bullish; Large Gain; Breakeven; Scalper; Cons. Hi-Freq,no,non-positive 3M total PnL; below 80% win rate
1205,13,5,0xf74deefc2d993bf56f54ad2a7c0c42bf3f6c2982,0xf74d...2982,-270002.72,-286.88,44.28,100,1154,2502,0,0,shark,2026-05-19T10:17:57.222617+00:00,2026-03-10T18:05:04.051934+00:00,Shark; Bullish; Large Gain; Breakeven; Scalper; Cons. Hi-Freq,no,non-positive 3M total PnL; below 80% win rate; drawdown >= 15%
1206,13,6,0x4b0e161658d4d2777a95815f54bf120bb0b71606,0x4b0e...1606,-273866.51,-178.56,2.94,0,917,2000,3,163256.08,whale_mid,2026-05-19T10:30:58.079317+00:00,2026-03-08T02:52:05.588279+00:00,Whale; Bullish; Large Gain; Breakeven; Scalper; Cons. Hi-Freq,no,non-positive 3M total PnL; below 80% win rate
1207,13,7,0x5ae7fe9df15590e286152908112b82969f41c8b8,0x5ae7...c8b8,-276883.48,-343.67,0,0,380,599,1,210963.4,whale_mid,2026-05-19T10:30:23.704706+00:00,2026-04-25T16:16:49.076000+00:00,Shark; Bullish; Large Gain; Breakeven; Scalper; Cons. Hi-Freq,no,non-positive 3M total PnL; below 500 closed positions; below 80% win rate
1208,13,8,0xc25926a8637a7774c4fe15d72d2ee34e8cae896f,0xc259...896f,-280372.76,-26.16,52.73,100,2014,3867,1,644609.45,whale,2026-05-01T14:19:18.366890+00:00,2026-02-20T15:21:31.538000+00:00,Mega Whale; Bullish; Large Gain; Breakeven; Scalper; Cons. Hi-Freq,no,non-positive 3M total PnL; below 80% win rate; drawdown >= 15%
1209,13,9,0x8d69b5ad434b360f03dda174c42cc07d4434edd3,0x8d69...edd3,-301626.56,-63.74,17.13,0,753,1496,1,38844.6,shark,2026-03-18T14:14:07.372783+00:00,2026-03-10T09:36:03.666000+00:00,Whale; Bullish; Large Gain; Breakeven; Scalper; Cons. Hi-Freq,no,non-positive 3M total PnL; below 80% win rate
1210,13,10,0x7aea4799452f25d50386e81029794e0ebbb6ec06,0x7aea...ec06,-319045.86,-127.3,54.08,100,723,1716,18,485025,whale_mid,2026-05-19T10:29:32.597768+00:00,2026-03-07T06:54:10.462935+00:00,Whale; Bullish; Large Gain; Breakeven; Scalper; Cons. Hi-Freq,no,non-positive 3M total PnL; below 80% win rate; drawdown >= 15%
1211,13,11,0x1c4330fdb843bae337b1c3cec5379f92f4039cc4,0x1c43...9cc4,-327276.59,-1528.24,0,0,778,2000,1,0.15,shark,2026-05-19T10:14:55.123306+00:00,2026-03-07T02:37:18.296060+00:00,Shark; Bullish; Large Gain; Breakeven; Scalper; Cons. Hi-Freq,no,non-positive 3M total PnL; below 80% win rate
1212,13,12,0x902c93811c7e1be010adc4eaad5d8d4946997a79,0x902c...7a79,-336589.48,0,6.84,0,790,2000,0,0,shark,2026-04-07T12:38:09.970785+00:00,2026-03-07T02:54:02.289139+00:00,Shrimp; Bullish; Small Gain; Breakeven; Scalper; Cons. Hi-Freq,no,non-positive 3M total PnL; below 80% win rate
1213,13,13,0xd4bb7351a9b0d1b236e7523da7a972db4a100f08,0xd4bb...0f08,-337386.37,-354.88,1.48,0,1558,4003,1,167001.87,whale_mid,2026-05-19T10:30:45.851858+00:00,2026-05-10T20:03:59.640000+00:00,Shark; Bullish; Large Gain; Breakeven; Scalper; Cons. Hi-Freq,no,non-positive 3M total PnL; below 80% win rate
1214,13,14,0x86523927bffeafe2e532f0218feb1f3c29f6120d,0x8652...120d,-347357.95,-7.01,1.78,0,1633,8388,2,4900209.73,whale,2026-05-19T10:38:29.265288+00:00,2026-05-06T17:06:11.755000+00:00,Mega Whale; Bullish; Mid Gain; Breakeven; Scalper; Cons. Hi-Freq,no,non-positive 3M total PnL; below 80% win rate
1215,13,15,0x9c68cd0568eb47bad36ecd8090e6c1d1396a7783,0x9c68...7783,-361596.49,-402.92,14.66,0,2142,2762,2,44355.9,shark,2026-05-19T09:47:11.734653+00:00,2026-01-20T23:19:04.320000+00:00,Shark; Bullish; Large Gain; Breakeven; Scalper; Cons. Hi-Freq,no,non-positive 3M total PnL; below 80% win rate
1216,13,16,0x419b7875599185c08e71fbb480351fd07511dbee,0x419b...dbee,-391406.71,-473.94,5.89,0,713,1480,1,376400.31,whale_mid,2026-05-19T10:29:43.952715+00:00,2026-03-07T19:00:03.237491+00:00,Shark; Bullish; Large Gain; Breakeven; Scalper; Cons. Hi-Freq,no,non-positive 3M total PnL; below 80% win rate
1217,13,17,0xb3e475368ed0fa0ad23c04de0423d48a0758806f,0xb3e4...806f,-400947.8,-33.37,7.86,0,2367,3505,4,1113325.13,whale,2026-05-19T10:38:16.570960+00:00,2026-03-07T04:54:01.576000+00:00,Mega Whale; Bullish; Mid Gain; Breakeven; Short-term; Cons. Hi-Freq,no,non-positive 3M total PnL; below 80% win rate
1218,13,18,0x3c83dbcda8d9fbefb75181f40d51205648defc7d,0x3c83...fc7d,-405056.81,-778.36,100,0,60,1671,0,9553.88,shark,2026-05-19T10:05:40.105808+00:00,2025-10-29T19:53:08.853000+00:00,Shark; Neutral; Large Gain; Breakeven; Short-term; Cons. Hi-Freq,no,non-positive 3M total PnL; below 500 closed positions
1219,13,19,0x4873e73be5537918b82e047fea84c5bd013f6d67,0x4873...6d67,-439914.04,-2239.47,0,100,386,934,1,30099.65,shark,2026-05-19T09:49:18.944244+00:00,2026-02-06T01:19:37.521000+00:00,Shark; Bullish; Large Gain; Breakeven; Scalper; Cons. Hi-Freq,no,non-positive 3M total PnL; below 500 closed positions; below 80% win rate; drawdown >= 15%
1220,13,20,0x14c624428f50785e26d94779769e3b0f3340b280,0x14c6...b280,-443900.8,-510,30.54,100,1598,3101,1,47479.43,shark,2026-05-19T09:45:10.287638+00:00,2026-03-28T09:34:44.121000+00:00,Shark; Bullish; Large Gain; Breakeven; Scalper; Cons. Hi-Freq,no,non-positive 3M total PnL; below 80% win rate; drawdown >= 15%
1221,13,21,0x46bc54fc064d5380bbc07b505796db26fdac25d2,0x46bc...25d2,-446004.27,-494.67,14.36,0,926,3106,2,288460.88,whale_mid,2026-05-12T09:50:23.755750+00:00,2026-03-09T13:31:08.072000+00:00,Shark; Neutral; Large Gain; Breakeven; Scalper; Cons. Hi-Freq,no,non-positive 3M total PnL; below 80% win rate
1222,13,22,0x71038a3e5fd46ba4ca5edc81339a4d1e9e493104,0x7103...3104,-448221.75,-304.88,12.89,100,1296,1857,3,188701.95,whale_mid,2026-04-12T03:50:14.637439+00:00,2026-01-06T14:36:43.586000+00:00,Whale; Bullish; Large Gain; Breakeven; Short-term; Cons. Hi-Freq,no,non-positive 3M total PnL; below 80% win rate; drawdown >= 15%
1223,13,23,0x3a0b8fa1cdcbb02ddf17574db2b66d741110fc60,0x3a0b...fc60,-452355.07,-1122.14,2.69,0,929,2000,1,103487.87,whale_mid,2026-05-19T10:32:15.636517+00:00,2026-03-10T13:46:03.627856+00:00,Shark; Neutral; Large Gain; Breakeven; Scalper; Cons. Hi-Freq,no,non-positive 3M total PnL; below 80% win rate
1224,13,24,0x279c97f77593838e48a11baf594c908bb18b1688,0x279c...1688,-454152.16,-112.5,22.88,0,813,1973,0,531658.35,whale,2026-05-07T04:26:25.368210+00:00,2026-01-28T00:51:47.952000+00:00,Whale; Bullish; Small Gain; Breakeven; Short-term; Cons. Hi-Freq,no,non-positive 3M total PnL; below 80% win rate
1225,13,25,0x880e26c6ac0e8986f512e877910297de961381eb,0x880e...81eb,-490312.68,-90.12,50.41,0,976,1826,0,652577.22,whale,2026-05-19T10:29:06.690610+00:00,2026-01-06T23:58:21.828000+00:00,Mega Whale; Bullish; Mid Gain; Breakeven; Scalper; Cons. Hi-Freq,no,non-positive 3M total PnL; below 80% win rate
1226,13,26,0xc38ac1a5fdd12fbe60b5b27e61c3990e1d5b7b1f,0xc38a...7b1f,-501703.62,-146.71,28.93,0,6909,13753,0,0.01,shark,2026-05-04T12:49:49.489497+00:00,2026-03-09T04:09:07.351512+00:00,Whale; Bullish; Large Gain; Breakeven; Scalper; Cons. Hi-Freq,no,"non-positive 3M total PnL; above 3,000 closed positions; below 80% win rate"
1227,13,27,0x7e4e766d0ae5ea9cded0c694669194db92800107,0x7e4e...0107,-510022.44,-23.53,18.35,100,6931,10185,1,2167871.47,whale,2026-05-06T15:04:11.885003+00:00,2026-03-10T17:08:04.119475+00:00,Mega Whale; Bullish; Large Gain; Breakeven; Scalper; Cons. Hi-Freq,no,"non-positive 3M total PnL; above 3,000 closed positions; below 80% win rate; drawdown >= 15%"
1228,13,28,0x152e41f0b83e6cad4b5dc730c1d6279b7d67c9dc,0x152e...c9dc,-516585.97,-22.54,40.32,100,6357,18691,0,2138529.83,whale,2026-05-19T10:38:37.358838+00:00,2026-02-23T18:52:27.639000+00:00,Mega Whale; Bullish; Large Gain; Breakeven; Scalper; Cons. Hi-Freq,no,"non-positive 3M total PnL; above 3,000 closed positions; below 80% win rate; drawdown >= 15%"
1229,13,29,0x7f3773c5ed56801ca9398f3018d5c2aa47b8af1a,0x7f37...af1a,-540049.28,-656.54,35.28,100,1729,3400,14,35498.42,shark,2026-05-19T09:47:34.421072+00:00,2025-09-19T19:36:39.249000+00:00,Shark; Bullish; Large Gain; Breakeven; Scalper; Cons. Hi-Freq,no,non-positive 3M total PnL; below 80% win rate; drawdown >= 15%
1230,13,30,0x07fe8986162d7f68bcfe15822ec062123dd45f9f,0x07fe...5f9f,-546461.85,-92.47,36.26,100,1343,1998,5,527311.79,whale,2026-05-19T10:29:24.745130+00:00,2026-01-19T00:14:18.947000+00:00,Mega Whale; Bullish; Small Gain; Volatile Profit; Swinger; Aggr. Low-Freq,no,non-positive 3M total PnL; below 80% win rate; drawdown >= 15%
1231,13,31,0x197d43e5a2c36eb3185718c7b30f590ebe2c0c2f,0x197d...0c2f,-587502.96,-122.13,0,0,1014,1983,1,489852.97,whale_mid,2026-05-19T10:29:32.162152+00:00,2026-02-23T14:06:50.524000+00:00,Whale; Bullish; Large Gain; Breakeven; Scalper; Cons. Hi-Freq,no,non-positive 3M total PnL; below 80% win rate
1232,13,32,0x906d31b2ee92c4bc720232112274a0e1ffb0ad6e,0x906d...ad6e,-624093.06,-13.82,0,0,498,656,2,4505046.6,whale,2026-05-19T10:38:08.935834+00:00,2025-11-14T18:12:12.078000+00:00,Mega Whale; Bullish; Large Gain; Breakeven; Scalper; Cons. Hi-Freq,no,non-positive 3M total PnL; below 500 closed positions; below 80% win rate
1233,13,33,0x81710fb3ee7b37d93660fa29986d0c6efb53957f,0x8171...957f,-638702.52,-722.59,35.18,0,2473,4853,0,16515.29,shark,2026-05-19T09:58:16.127721+00:00,2026-03-06T14:00:40.253000+00:00,Shark; Neutral; Large Gain; Breakeven; Scalper; Cons. Hi-Freq,no,non-positive 3M total PnL; below 80% win rate
1234,13,34,0x8e096995c3e4a3f0bc5b3ea1cba94de2aa4d70c9,0x8e09...70c9,-742290.04,-61.41,56.01,100,8846,17593,12,1196539.56,whale,2026-05-19T10:38:11.743300+00:00,2026-02-28T13:35:17.442000+00:00,Mega Whale; Neutral; Large Gain; Breakeven; Scalper; Cons. Hi-Freq,no,"non-positive 3M total PnL; above 3,000 closed positions; below 80% win rate; drawdown >= 15%"
1235,13,35,0x5e177e5e39c0f4e421f5865a6d8beed8d921cb70,0x5e17...cb70,-805414.03,-80.54,5.8,0,4171,4224,0,1000000,whale,2026-05-19T10:38:24.112794+00:00,2026-04-08T23:15:26.813000+00:00,Mega Whale; Bullish; Large Gain; Breakeven; Scalper; Cons. Hi-Freq,no,"non-positive 3M total PnL; above 3,000 closed positions; below 80% win rate"
1236,13,36,0x007d76eec0ba411ce873a8819df50dd443d967a0,0x007d...67a0,-830620.38,-45.41,37.81,100,16292,32584,3,1863991.39,whale,2026-05-19T10:38:34.854078+00:00,2026-03-07T19:24:03.267191+00:00,Mega Whale; Neutral; Large Gain; Breakeven; Scalper; Cons. Hi-Freq,no,"non-positive 3M total PnL; above 3,000 closed positions; below 80% win rate; drawdown >= 15%"
1237,13,37,0x44209662afaa054f3afccd1aa9a8e2f91f1b4c4b,0x4420...4c4b,-848494.42,-141.98,29.87,0,1309,1984,5,510258.41,whale,2026-05-19T10:29:27.127631+00:00,2026-01-31T21:40:36.066000+00:00,Mega Whale; Bullish; Small Gain; Volatile Profit; Swinger; Aggr. Low-Freq,no,non-positive 3M total PnL; below 80% win rate
1238,13,38,0x44cea07ff231a66cf3689cf4e4e1cf9f831e3988,0x44ce...3988,-904593.63,-273.2,0.44,100,1137,1972,1,407233.26,whale_mid,2026-05-19T10:29:41.277758+00:00,2026-02-28T09:58:26.643000+00:00,Whale; Bearish; Large Gain; Breakeven; Scalper; Cons. Hi-Freq,no,non-positive 3M total PnL; below 80% win rate; drawdown >= 15%
1239,13,39,0x4e31ecf36d9d57a32010fc9dd80f2ddaf5d78442,0x4e31...8442,-937725.73,-13.68,41.75,100,3365,6727,0,6852894.82,whale,2026-05-19T10:38:16.744499+00:00,2026-02-27T15:59:17.126000+00:00,Mega Whale; Bullish; Mid Gain; Breakeven; Short-term; Cons. Hi-Freq,no,"non-positive 3M total PnL; above 3,000 closed positions; below 80% win rate; drawdown >= 15%"
1240,13,40,0xcc15957a5e012f2cc9daf9b02e2c88c40ecd6565,0xcc15...6565,-1249734.15,-1636.79,41.3,100,5598,11540,1,70638.26,shark,2026-05-19T09:42:15.334312+00:00,2025-11-05T02:25:10.963000+00:00,Shark; Bullish; Large Gain; Breakeven; Scalper; Cons. Hi-Freq,no,"non-positive 3M total PnL; above 3,000 closed positions; below 80% win rate; drawdown >= 15%"
1241,13,41,0x13d92e015d4a8a99ab8490fef42fe83e754116e1,0x13d9...16e1,-1253498.3,-1503.73,11.93,0,2607,4309,1,38297.33,shark,2026-05-19T09:47:47.205186+00:00,2026-02-04T17:10:25.803000+00:00,Shark; Bullish; Large Gain; Breakeven; Scalper; Cons. Hi-Freq,no,non-positive 3M total PnL; below 80% win rate
1242,13,42,0xa8dc22b6cc18fc27dc695bbc6e9a17603b9b095b,0xa8dc...095b,-1339787.69,-392.15,30.44,100,795,2000,1,232550.41,whale_mid,2026-05-19T10:30:19.488247+00:00,2026-03-08T23:46:07.398682+00:00,Whale; Bullish; Large Gain; Breakeven; Scalper; Cons. Hi-Freq,no,non-positive 3M total PnL; below 80% win rate; drawdown >= 15%
1243,13,43,0xfeedc4f156fd25c3fe9ff6402dbf3b99ebed3195,0xfeed...3195,-1554992.36,-1920.89,55.02,100,3755,7474,0,142163.84,whale_mid,2026-05-19T10:31:16.637305+00:00,2026-03-07T12:12:04.264756+00:00,Shark; Bullish; Large Gain; Breakeven; Scalper; Cons. Hi-Freq,no,"non-positive 3M total PnL; above 3,000 closed positions; below 80% win rate; drawdown >= 15%"
1244,13,44,0xbadbb1de95b5f333623ebece7026932fa5039ee6,0xbadb...9ee6,-1574648.73,-881.18,0,0,1952,2000,2,260229.94,whale_mid,2026-05-19T10:30:14.498968+00:00,2026-03-07T10:59:02.525345+00:00,Whale; Bullish; Large Gain; Breakeven; Scalper; Cons. Hi-Freq,no,non-positive 3M total PnL; below 80% win rate
1245,13,45,0x98265c164a55b7b348bc3c4ab0bf109e047fed8a,0x9826...ed8a,-1749139.4,-32.96,9.96,0,23708,33064,2,5303950.62,whale,2026-05-19T10:38:29.169108+00:00,2026-02-12T03:50:27.414000+00:00,Mega Whale; Bullish; Large Gain; Breakeven; Scalper; Cons. Hi-Freq,no,"non-positive 3M total PnL; above 3,000 closed positions; below 80% win rate"
1246,13,46,0x46e3a8c8135647b48b2e82198e42e0c69eacbab8,0x46e3...bab8,-2726609.86,-2793.58,0.22,100,1843,3746,1,102960.63,whale_mid,2026-05-19T10:32:14.007052+00:00,2026-01-30T09:42:47.406000+00:00,Shark; Bullish; Large Gain; Breakeven; Scalper; Cons. Hi-Freq,no,non-positive 3M total PnL; below 80% win rate; drawdown >= 15%
1247,13,47,0x218a65e21eddeece7a9df38c6bbdd89f692b7da2,0x218a...7da2,-4070214.43,-96.7,18.62,100,2631,7983,2,4186004.19,whale,2026-05-19T10:38:39.743885+00:00,2026-03-02T11:37:12.516000+00:00,Mega Whale; Bearish; Small Gain; Breakeven; Scalper; Cons. Hi-Freq,no,non-positive 3M total PnL; below 80% win rate; drawdown >= 15%
1248,13,48,0x17c3c8fdbcb7d1b240ce08965e09b1fc91cba868,0x17c3...a868,-5991053.96,-151.74,36.13,100,59906,122231,18,3969536.06,whale,2026-05-19T10:38:02.941897+00:00,2026-03-07T01:35:13.821802+00:00,Mega Whale; Bullish; Large Gain; Breakeven; Scalper; Cons. Hi-Freq,no,"non-positive 3M total PnL; above 3,000 closed positions; below 80% win rate; drawdown >= 15%"
1249,13,49,0x32008fcb6bbd16532afc83ca8b6c920dde22c407,0x3200...c407,-7819722.55,-286.84,44.1,100,22385,66445,3,3580648.88,whale,2026-05-19T10:38:26.779479+00:00,2026-03-07T19:35:09.438000+00:00,Mega Whale; Bullish; Large Gain; Breakeven; Scalper; Cons. Hi-Freq,no,"non-positive 3M total PnL; above 3,000 closed positions; below 80% win rate; drawdown >= 15%"
